0
166: 0 11 6
12: 13 1 0
535: 8 9 8
717: 9 6 2
892: 3 3 9
1
867: 12 14 3
727: 14 9 4
141: 11 8 2
916: 4 0 10
424: 1 11 0
2
665: 12 0 14
951: 6 2 13
600: 12 14 14
900: 13 9 14
195: 10 3 8
3
901: 4 10 10
935: 2 5 10
520: 8 10 5
822: 2 12 3
278: 6 9 10
4
668: 8 1 5
39: 10 4 4
682: 0 12 4
356: 14 6 11
516: 3 6 11
5
284: 8 9 1
450: 13 5 11
319: 14 13 14
624: 0 5 13
22: 1 9 0
6
598: 6 11 4
792: 9 1 5
7: 14 9 1
925: 10 3 2
173: 0 5 12
7
831: 4 11 5
889: 8 11 13
307: 5 5 10
244: 1 7 8
60: 0 14 8
8
59: 8 1 6
73: 4 9 3
91: 14 0 2
400: 3 0 14
69: 11 5 6
9
273: 10 1 4
539: 8 13 14
303: 4 14 0
757: 8 13 7
544: 7 10 1
-1
8
544 757 682 307 665 166 6 7