T
15
20 23
22 22
18 30
5 20
26 45
20 23
22 22
18 30
5 20
26 45
20 23
22 22
18 30
5 20
26 45
150
18
44
35
22
11
31
28
33
16
29
42
26
10
16
6
42
17
25
18
28
12
43
17
16
11
5
22
27
14
33
14
6
11
39
22
17
44
21
44
25
44
36
17
43
24
27
39
19
38
10
11
31
6
18
12
31
29
40
6
22
7
7
14
42
31
36
31
17
23
31
6
26
6
42
7
34
21
8
40
15
41
11
35
30
33
39
37
12
10
5
13
19
29
28
10
39
12
7
9
15
31
6
13
7
18
24
19
39
27
15
42
13
31
5
38
18
11
22
14
25
25
31
6
18
15
41
17
39
23
38
8
17
15
24
23
11
16
39
8
16
33
19
8
36
40
25
38
32
23
27