0
166: 0 11 6
12: 13 1 0
535: 8 9 8
717: 9 6 2
892: 3 3 9
1
867: 12 14 3
727: 14 9 4
141: 11 8 2
916: 4 0 10
424: 1 11 0
2
665: 12 0 14
951: 6 2 13
600: 12 14 14
900: 13 9 14
195: 10 3 8
3
901: 4 10 10
935: 2 5 10
520: 8 10 5
822: 2 12 3
278: 6 9 10
4
668: 8 1 5
39: 10 4 4
682: 0 12 4
356: 14 6 11
516: 3 6 11
5
284: 8 9 1
450: 13 5 11
319: 14 13 14
624: 0 5 13
22: 1 9 0
6
598: 6 11 4
792: 9 1 5
7: 14 9 1
925: 10 3 2
173: 0 5 12
7
831: 4 11 5
889: 8 11 13
307: 5 5 10
244: 1 7 8
60: 0 14 8
8
59: 8 1 6
73: 4 9 3
91: 14 0 2
400: 3 0 14
69: 11 5 6
9
273: 10 1 4
539: 8 13 14
303: 4 14 0
757: 8 13 7
544: 7 10 1
10
44: 2 10 9
847: 10 1 1
193: 13 7 14
568: 1 3 12
771: 8 4 2
11
957: 10 9 9
513: 7 8 8
717: 10 1 13
954: 11 14 2
597: 0 10 12
12
690: 10 11 6
641: 7 3 4
300: 14 6 13
912: 0 14 5
583: 0 5 7
13
305: 6 5 7
838: 4 9 2
22: 11 14 2
551: 3 8 9
245: 4 14 2
14
875: 12 0 12
890: 7 3 13
757: 0 12 9
282: 2 1 10
916: 2 4 10
15
629: 10 13 12
783: 13 14 0
72: 5 3 13
942: 10 2 7
969: 12 12 1
16
53: 9 11 5
728: 12 7 10
960: 11 5 6
606: 10 3 12
969: 2 12 3
17
992: 7 8 2
890: 11 9 4
433: 14 13 6
263: 1 11 12
598: 10 14 5
18
46: 11 11 5
919: 7 2 8
931: 14 3 1
974: 12 3 9
108: 4 5 8
19
163: 3 0 4
796: 3 8 2
534: 14 7 12
740: 11 2 9
890: 4 9 11
20
906: 13 4 10
860: 7 11 10
47: 1 3 7
537: 10 11 8
851: 4 10 12
21
928: 10 9 6
303: 4 0 8
643: 2 11 4
465: 1 6 2
180: 2 12 12
22
49: 7 5 8
508: 8 1 9
948: 4 13 8
146: 7 14 4
76: 7 4 12
23
214: 7 8 1
880: 7 3 1
984: 7 13 5
971: 10 13 1
914: 7 2 9
24
3: 0 2 9
108: 2 5 11
326: 1 0 10
8: 1 3 9
393: 13 10 2
25
40: 0 0 3
373: 13 5 7
737: 7 1 0
728: 10 9 8
987: 6 4 13
26
487: 12 0 1
323: 3 2 13
111: 12 7 13
629: 7 2 7
703: 7 6 10
27
799: 7 11 7
438: 12 7 7
614: 12 13 11
181: 13 4 6
129: 6 11 2
28
725: 3 1 7
986: 10 14 9
377: 6 4 8
845: 7 8 0
85: 0 0 9
29
619: 13 12 5
208: 2 3 12
140: 14 7 11
358: 8 10 6
693: 9 7 12
30
337: 3 5 5
881: 5 5 1
186: 12 10 2
847: 7 0 6
271: 3 10 2
31
955: 2 5 13
757: 0 11 12
541: 3 9 1
668: 7 6 9
237: 3 2 10
32
576: 4 13 3
54: 13 1 5
913: 4 14 3
956: 11 1 1
978: 4 13 5
33
344: 8 13 13
620: 4 14 4
509: 2 0 7
18: 5 3 2
513: 4 8 3
34
973: 14 7 7
911: 0 8 14
75: 6 11 11
661: 9 9 13
85: 1 3 5
35
185: 10 12 8
450: 0 11 10
290: 11 13 5
865: 12 4 13
273: 12 5 10
36
166: 1 6 2
996: 8 1 1
659: 11 13 11
836: 11 4 13
306: 0 0 8
37
53: 5 6 6
843: 10 4 1
115: 9 11 11
253: 9 13 6
247: 6 14 3
38
577: 13 14 0
124: 4 13 12
881: 5 13 7
811: 4 13 6
164: 9 7 14
39
431: 10 10 14
281: 1 5 14
294: 4 9 9
382: 9 9 3
800: 0 1 8
40
157: 14 0 8
75: 13 14 9
540: 13 1 11
90: 3 10 12
156: 7 3 11
41
611: 12 5 6
986: 6 1 11
113: 9 12 11
273: 12 11 10
723: 11 5 3
42
366: 6 14 2
946: 1 6 13
533: 9 1 11
826: 6 9 5
949: 11 8 3
43
300: 5 6 6
968: 2 1 13
195: 13 1 7
81: 7 1 13
133: 7 3 8
44
986: 4 4 14
322: 6 4 6
164: 13 1 14
108: 14 12 13
2: 6 11 7
45
991: 4 6 8
21: 7 13 4
34: 1 4 7
325: 9 7 7
452: 11 5 1
46
851: 14 7 12
33: 5 10 7
248: 14 0 14
693: 6 7 0
531: 12 11 5
47
53: 1 5 10
137: 12 9 9
45: 0 10 2
661: 9 14 11
164: 1 4 9
48
865: 4 9 4
67: 8 4 0
786: 7 6 11
593: 3 7 10
985: 1 11 7
49
3: 13 1 6
218: 7 3 14
494: 7 9 1
868: 3 5 12
523: 1 13 9
50
744: 11 6 9
264: 13 12 6
426: 8 13 7
24: 7 13 7
159: 1 6 0
51
358: 0 2 11
330: 14 9 14
588: 7 0 9
858: 6 3 2
791: 0 8 3
52
941: 13 10 0
25: 8 14 5
12: 5 12 10
363: 14 14 0
951: 8 14 14
53
567: 7 8 10
783: 3 4 10
446: 4 5 12
384: 7 4 0
647: 3 12 9
54
150: 9 12 5
101: 11 6 14
794: 12 13 3
929: 13 5 3
466: 9 5 4
55
715: 2 8 14
986: 12 6 0
322: 10 10 8
650: 7 13 13
710: 4 12 6
56
764: 2 9 13
672: 14 8 0
800: 5 5 5
239: 13 11 0
818: 10 1 10
57
340: 3 10 10
587: 9 0 12
905: 4 3 6
458: 12 5 5
133: 5 13 3
58
576: 3 0 2
838: 3 10 11
298: 11 7 4
516: 9 14 8
418: 7 12 1
59
83: 0 7 2
979: 4 14 7
942: 12 2 13
725: 2 7 9
315: 2 12 4
60
90: 11 8 11
836: 14 11 9
13: 8 2 2
70: 2 11 4
448: 10 3 0
61
13: 12 5 0
811: 13 1 4
80: 14 0 6
300: 8 9 1
284: 6 3 5
62
4: 12 7 0
709: 10 11 5
105: 7 5 5
604: 11 6 11
811: 14 0 1
63
850: 0 14 1
390: 9 9 6
735: 4 3 14
112: 2 6 8
217: 3 13 3
64
337: 4 0 6
97: 13 9 8
978: 1 1 3
648: 1 11 0
462: 6 7 2
65
705: 10 8 4
573: 0 13 2
450: 11 12 12
962: 13 10 6
21: 5 14 9
66
98: 1 5 7
389: 1 7 11
834: 6 5 10
704: 13 6 14
495: 4 1 7
67
783: 14 4 7
552: 7 14 0
307: 13 10 2
651: 7 9 0
968: 2 3 0
68
900: 8 10 9
332: 8 8 4
513: 10 12 6
946: 8 13 13
430: 4 13 4
69
83: 0 7 1
157: 1 9 8
345: 12 8 11
718: 10 12 12
788: 6 1 8
70
793: 13 6 9
324: 12 14 14
301: 4 11 11
65: 3 13 4
746: 14 4 14
71
728: 4 2 1
69: 14 13 10
32: 7 3 5
192: 2 6 11
564: 5 3 0
72
870: 14 12 7
214: 2 3 12
431: 8 3 4
7: 5 13 4
747: 3 6 9
73
940: 1 7 8
723: 13 4 2
379: 7 10 6
91: 14 13 7
236: 1 5 9
74
719: 8 5 14
581: 3 10 3
999: 1 4 9
57: 11 2 6
290: 7 0 6
75
346: 10 12 13
384: 10 12 2
611: 9 3 13
848: 9 4 1
714: 14 4 3
76
825: 0 13 9
337: 7 0 14
799: 8 5 6
713: 2 11 5
484: 0 14 7
77
505: 3 5 13
344: 1 6 8
922: 2 4 7
867: 9 9 14
206: 1 5 8
78
489: 10 6 5
157: 2 2 1
527: 1 9 4
249: 6 2 0
520: 0 1 7
79
522: 5 7 5
961: 1 11 7
577: 2 0 4
369: 13 1 9
525: 3 2 10
80
814: 3 14 1
885: 9 1 2
454: 2 9 4
549: 8 9 5
969: 12 5 4
81
499: 12 0 11
641: 1 5 3
679: 7 5 0
286: 5 8 13
296: 2 0 7
82
44: 1 11 11
925: 12 8 11
520: 13 7 1
98: 7 12 14
163: 2 2 4
83
17: 0 5 13
302: 13 3 3
980: 3 2 12
641: 6 0 6
338: 8 10 13
84
674: 2 7 2
830: 11 1 10
219: 10 0 8
5: 5 6 7
585: 9 2 11
85
879: 5 0 7
146: 0 6 6
453: 1 12 7
618: 4 1 5
155: 2 1 6
86
235: 8 6 7
618: 12 0 8
978: 9 11 9
171: 3 2 9
738: 0 1 4
87
181: 13 3 11
534: 5 9 1
37: 2 0 4
840: 6 12 0
696: 4 0 1
88
978: 12 3 12
255: 12 6 11
247: 14 0 13
934: 3 1 5
188: 10 7 8
89
389: 14 12 14
472: 1 14 8
240: 0 2 11
244: 5 0 11
509: 6 7 6
90
626: 14 11 2
353: 4 8 3
407: 0 3 11
281: 1 11 3
149: 2 4 7
91
174: 13 10 13
660: 10 10 4
686: 9 10 14
259: 13 2 4
632: 10 7 9
92
257: 11 6 8
59: 9 3 13
631: 14 12 13
442: 7 11 7
57: 13 11 11
93
370: 13 10 9
361: 4 13 14
351: 12 0 0
483: 6 0 4
787: 4 10 11
94
763: 7 9 1
725: 12 0 9
56: 12 5 11
480: 8 12 14
384: 2 13 11
95
154: 13 11 0
147: 12 4 4
393: 14 0 3
449: 1 11 6
844: 12 0 10
96
11: 6 13 11
586: 2 2 10
789: 0 13 10
151: 2 10 10
654: 7 6 14
97
213: 14 2 12
980: 6 3 14
53: 11 1 4
444: 6 7 0
895: 10 2 4
98
522: 1 7 0
518: 2 2 9
139: 9 8 8
310: 2 12 0
508: 1 7 3
99
109: 0 7 13
354: 7 13 14
534: 7 11 3
698: 3 11 3
587: 13 12 7
100
129: 12 7 14
902: 4 7 0
707: 6 11 1
796: 10 6 5
242: 4 12 3
101
592: 0 7 12
8: 3 1 0
488: 5 14 8
23: 13 7 10
610: 6 2 7
102
392: 13 1 4
369: 7 1 3
864: 5 7 8
185: 6 12 0
656: 13 1 9
103
669: 7 9 14
626: 2 9 8
15: 3 7 13
724: 8 9 3
303: 2 13 4
104
788: 12 4 13
833: 1 6 11
847: 7 6 11
531: 0 2 4
624: 3 12 10
105
241: 5 0 0
450: 9 10 5
341: 9 9 11
671: 5 10 2
137: 8 13 14
106
690: 11 2 13
489: 4 3 13
997: 7 0 5
887: 0 6 10
206: 1 0 13
107
137: 2 9 9
427: 11 3 6
514: 1 5 11
105: 14 2 9
868: 5 7 2
108
449: 0 8 9
22: 6 4 9
34: 4 7 2
298: 8 3 6
347: 6 12 1
109
419: 10 5 4
351: 7 13 12
169: 13 14 8
695: 14 2 12
665: 13 6 12
110
213: 5 14 8
586: 2 6 3
260: 11 11 14
831: 8 11 7
520: 1 4 11
111
556: 11 12 11
845: 14 1 8
358: 14 5 8
695: 11 8 11
400: 0 6 5
112
16: 2 11 9
981: 14 1 3
626: 13 7 14
736: 4 3 3
578: 4 3 8
113
78: 8 8 0
906: 9 3 1
134: 9 6 5
389: 10 14 7
609: 7 2 2
114
922: 9 2 13
433: 12 2 9
71: 5 9 11
156: 10 4 2
974: 7 11 13
115
414: 9 10 5
49: 1 12 14
745: 6 8 13
331: 10 3 14
684: 5 0 0
116
363: 10 4 1
405: 0 10 9
677: 6 14 8
46: 9 13 12
760: 2 3 10
117
984: 12 0 2
129: 4 8 14
826: 9 6 4
749: 10 5 1
822: 1 10 2
118
704: 1 10 7
525: 1 5 12
425: 8 14 11
65: 0 13 5
224: 14 11 5
119
828: 2 2 4
165: 14 12 7
702: 7 9 7
748: 12 14 10
85: 11 7 0
120
420: 6 12 2
128: 2 14 9
968: 10 7 1
28: 9 12 10
703: 9 2 8
121
888: 4 0 8
211: 6 3 6
438: 2 13 0
336: 2 2 14
187: 9 9 5
122
529: 1 14 9
327: 11 4 2
598: 14 10 13
63: 2 7 11
684: 2 9 4
123
372: 7 11 13
215: 5 4 7
219: 5 4 11
673: 3 5 0
947: 2 10 5
124
508: 5 10 11
885: 2 14 1
707: 8 5 9
255: 1 14 2
218: 3 9 13
125
709: 14 9 7
699: 6 0 1
70: 10 13 8
697: 9 4 7
193: 3 8 0
126
873: 5 1 4
33: 0 13 12
134: 0 10 5
366: 11 12 0
482: 4 2 3
127
134: 7 11 14
238: 8 6 12
683: 7 4 14
872: 13 3 3
838: 8 0 9
128
573: 2 14 14
485: 4 0 14
113: 9 9 0
28: 6 14 2
341: 5 6 1
129
524: 2 0 9
455: 10 12 14
369: 4 0 12
773: 0 12 3
291: 4 2 4
130
308: 12 4 6
510: 3 0 8
691: 6 9 5
94: 2 14 1
244: 3 0 8
131
192: 8 13 5
8: 10 0 11
381: 3 0 11
307: 12 2 2
552: 10 2 8
132
691: 3 6 2
520: 12 4 10
803: 11 10 0
104: 8 13 4
780: 13 0 1
133
393: 8 12 0
935: 7 9 4
617: 3 5 10
897: 11 5 4
725: 1 14 8
134
127: 2 1 9
255: 14 5 6
429: 13 14 13
391: 4 5 3
388: 7 7 12
135
690: 12 14 9
550: 4 14 8
60: 5 1 10
212: 2 4 3
573: 1 1 5
136
744: 7 3 5
213: 0 0 6
854: 8 3 2
987: 3 11 13
847: 2 6 5
137
493: 14 0 7
59: 11 2 9
152: 10 14 12
843: 9 9 6
275: 10 13 1
138
585: 8 3 7
296: 7 5 11
816: 3 1 1
303: 8 9 4
184: 11 13 8
139
682: 13 5 2
907: 0 8 9
872: 13 11 12
912: 6 4 10
665: 2 13 7
140
120: 14 8 0
424: 9 4 10
811: 10 4 5
578: 9 7 0
556: 7 2 3
141
951: 13 0 5
486: 12 7 2
759: 6 1 11
52: 1 12 12
696: 8 7 2
142
388: 11 7 3
321: 6 4 14
433: 6 3 4
916: 10 1 7
162: 9 1 6
143
967: 2 3 4
374: 7 1 0
712: 9 9 11
372: 8 14 10
59: 10 10 12
144
103: 5 9 11
180: 2 11 8
963: 4 14 10
277: 9 0 3
281: 1 10 9
145
732: 11 12 7
339: 3 2 10
146: 4 14 6
414: 8 10 10
708: 6 3 6
146
835: 9 2 9
676: 2 12 12
350: 14 13 5
950: 2 12 6
673: 6 1 4
147
876: 1 2 12
161: 12 7 4
548: 2 11 6
434: 5 0 0
399: 5 4 1
148
616: 10 6 14
177: 10 5 10
879: 14 6 5
642: 1 2 8
243: 2 5 9
149
514: 8 0 8
765: 7 0 4
804: 5 5 1
905: 4 0 4
934: 12 7 8
150
556: 13 5 10
156: 0 11 5
657: 1 6 13
1: 6 14 6
560: 14 10 10
151
64: 7 3 11
701: 10 1 3
82: 8 11 11
51: 9 6 5
744: 2 10 3
152
978: 1 1 11
984: 7 2 11
687: 12 6 3
927: 1 0 8
581: 1 11 4
153
574: 0 0 7
196: 13 12 2
796: 7 5 11
705: 13 8 6
126: 10 3 13
154
935: 1 8 12
303: 8 12 6
874: 9 10 3
581: 2 11 2
808: 0 4 9
155
813: 1 5 0
139: 5 7 12
96: 2 2 8
753: 11 12 13
744: 9 5 14
156
250: 7 9 3
157: 5 5 10
161: 1 4 6
847: 1 13 9
192: 12 6 0
157
14: 9 0 10
790: 12 0 1
763: 5 0 1
775: 2 4 7
474: 2 9 5
158
243: 5 3 13
173: 9 7 12
26: 5 12 13
181: 4 0 11
56: 0 5 7
159
623: 12 8 3
344: 12 2 14
949: 11 11 10
453: 7 8 6
686: 7 4 14
160
564: 8 12 11
138: 12 14 6
420: 4 13 3
347: 13 6 1
696: 8 7 2
161
406: 4 12 11
141: 12 2 12
356: 13 3 1
587: 1 12 12
375: 11 3 10
162
368: 9 5 10
302: 11 3 10
106: 11 13 14
642: 10 10 3
125: 5 7 11
163
798: 10 12 2
258: 1 6 1
510: 10 3 13
836: 9 0 10
307: 3 6 9
164
676: 4 0 13
431: 11 1 13
323: 0 10 3
621: 14 6 6
918: 12 14 13
165
519: 3 11 2
379: 11 13 1
306: 11 10 13
580: 11 11 13
789: 5 12 14
166
170: 14 2 8
510: 0 0 13
230: 14 11 11
999: 7 14 13
765: 4 0 2
167
750: 2 0 7
600: 3 12 4
463: 9 10 14
35: 13 14 6
643: 14 4 3
168
801: 1 7 7
345: 6 6 11
847: 13 5 9
465: 5 1 6
650: 5 2 9
169
50: 13 0 7
508: 14 13 1
86: 3 12 4
141: 4 11 3
192: 2 6 11
170
870: 11 5 8
778: 13 14 9
703: 1 3 10
926: 3 3 9
224: 8 3 0
171
188: 0 4 14
371: 1 10 5
215: 1 8 3
10: 13 11 13
673: 10 7 13
172
793: 2 9 2
107: 4 11 7
607: 6 14 1
463: 11 7 1
837: 2 6 14
173
171: 14 2 1
109: 5 14 7
552: 14 6 3
3: 7 5 13
426: 8 12 0
174
425: 11 8 5
37: 1 7 11
360: 13 3 13
640: 12 14 1
498: 6 1 10
175
277: 7 13 5
796: 10 3 9
499: 0 9 11
384: 10 1 3
856: 8 7 13
176
824: 10 12 11
512: 3 12 2
254: 13 5 6
252: 10 4 3
736: 14 4 2
177
502: 6 13 11
131: 6 6 4
27: 13 9 6
50: 6 2 8
580: 6 2 11
178
90: 7 10 2
908: 14 13 1
493: 2 3 5
355: 8 8 1
529: 0 12 6
179
608: 7 4 14
148: 13 14 0
715: 8 4 10
246: 14 4 11
923: 9 12 11
180
664: 0 9 4
235: 2 6 14
242: 3 13 8
120: 2 7 1
211: 13 8 13
181
991: 12 0 14
361: 4 10 9
529: 14 13 10
386: 14 14 6
166: 12 6 11
182
458: 11 4 10
843: 11 11 6
966: 12 4 7
629: 4 7 13
406: 9 14 7
183
944: 4 2 0
553: 8 7 5
171: 5 1 14
453: 12 9 13
975: 13 5 1
184
420: 1 0 11
563: 7 1 14
144: 1 13 3
812: 0 10 1
188: 2 13 6
185
764: 6 5 7
68: 7 6 3
67: 3 4 14
716: 11 10 9
384: 4 0 5
186
117: 13 8 9
0: 3 10 6
813: 8 12 4
4: 10 4 9
549: 2 12 6
187
990: 8 5 1
390: 7 3 1
736: 3 6 8
499: 6 10 6
64: 5 12 14
188
516: 2 4 12
294: 8 7 13
375: 11 11 7
920: 1 0 2
665: 3 10 4
189
404: 1 4 0
824: 14 6 8
525: 11 0 3
200: 4 0 1
639: 7 14 6
190
31: 2 13 8
470: 5 10 10
676: 5 14 0
603: 4 0 12
295: 13 12 0
191
644: 12 10 6
118: 11 7 12
745: 13 10 6
935: 0 14 10
121: 1 13 7
192
853: 4 14 11
335: 6 0 11
709: 5 3 6
392: 14 12 3
200: 5 7 12
193
28: 3 4 11
358: 10 13 1
902: 11 0 2
101: 6 14 1
477: 6 12 9
194
406: 8 7 6
592: 11 9 9
148: 1 6 4
786: 2 0 7
373: 13 0 2
195
885: 1 4 3
574: 10 4 12
802: 9 13 5
417: 12 3 1
743: 4 10 2
196
768: 1 6 9
814: 6 8 9
536: 9 11 6
97: 7 1 1
903: 13 5 12
197
784: 3 9 8
910: 13 9 1
462: 4 3 0
717: 1 2 8
937: 10 9 10
198
624: 5 9 13
545: 10 0 8
948: 5 12 7
191: 6 7 8
859: 1 9 7
199
322: 12 14 2
380: 1 2 4
582: 12 0 8
694: 9 7 14
804: 14 7 5
200
549: 4 4 12
371: 12 6 7
378: 0 6 3
715: 6 5 10
554: 7 0 3
201
474: 7 12 6
706: 11 5 12
760: 5 2 6
344: 14 11 12
336: 2 12 1
202
9: 3 11 6
771: 1 9 8
341: 9 11 12
901: 0 3 9
948: 9 6 5
203
601: 1 4 0
650: 0 5 3
832: 9 11 3
329: 8 10 6
496: 4 6 9
204
435: 2 14 13
215: 2 7 13
198: 5 11 9
313: 0 2 5
830: 14 8 9
205
885: 12 12 4
342: 14 2 5
623: 8 0 8
448: 6 13 13
190: 5 3 11
206
918: 14 12 1
404: 14 7 6
155: 7 0 5
314: 5 2 8
989: 4 14 8
207
425: 6 8 8
372: 7 13 12
219: 1 8 14
173: 6 1 14
537: 0 6 10
208
172: 13 7 4
628: 9 4 0
671: 3 0 11
681: 8 4 13
432: 9 3 4
209
275: 3 3 10
171: 11 10 14
538: 8 1 11
66: 0 7 2
940: 11 2 8
210
852: 2 4 8
262: 0 14 2
589: 2 6 11
530: 1 7 7
815: 9 13 8
211
697: 6 11 0
116: 10 2 8
772: 11 1 6
483: 5 14 8
162: 13 10 6
212
707: 8 3 5
444: 10 4 6
436: 2 0 5
980: 3 5 6
404: 0 7 13
213
646: 8 4 2
11: 10 10 3
166: 12 10 8
625: 5 13 6
582: 2 13 3
214
866: 13 8 3
83: 13 10 7
218: 9 5 2
732: 1 4 0
237: 6 4 13
215
708: 6 13 8
791: 4 6 3
551: 4 13 10
489: 6 13 3
701: 0 10 2
216
119: 8 4 4
299: 0 4 13
523: 0 3 8
818: 9 8 9
68: 14 4 11
217
514: 2 6 13
675: 12 1 12
677: 4 6 14
417: 2 3 13
382: 7 4 7
218
925: 14 0 13
928: 8 8 6
482: 4 10 11
469: 1 2 14
475: 10 3 3
219
269: 1 2 3
68: 5 9 5
659: 5 4 4
424: 4 3 5
7: 3 3 12
220
424: 13 8 13
787: 2 5 12
823: 0 0 12
842: 9 8 5
76: 2 3 3
221
414: 7 7 3
24: 2 8 1
737: 12 5 12
322: 14 2 9
958: 14 7 6
222
765: 14 11 9
209: 4 14 7
3: 9 10 4
59: 10 7 13
454: 8 6 2
223
452: 12 6 14
108: 8 9 11
263: 8 10 0
747: 6 9 8
487: 0 1 7
224
847: 11 11 11
421: 3 1 3
73: 14 5 0
203: 11 7 6
591: 8 10 11
225
496: 5 11 8
708: 12 9 5
838: 10 12 7
521: 8 3 5
218: 11 0 14
226
795: 5 6 14
773: 13 12 11
413: 7 8 14
674: 11 0 7
491: 9 12 14
227
259: 1 6 2
966: 1 14 12
297: 14 11 14
301: 2 13 4
228: 11 8 6
228
498: 1 13 0
279: 13 7 5
169: 5 11 10
451: 9 4 0
182: 4 12 14
229
50: 8 14 7
542: 4 3 10
825: 3 9 11
691: 7 11 1
75: 3 13 11
230
945: 10 6 14
66: 10 14 14
36: 11 5 2
666: 4 1 13
76: 11 1 1
231
195: 10 4 11
762: 7 12 14
943: 11 10 3
848: 1 9 9
153: 0 0 10
232
686: 6 4 14
952: 5 5 3
341: 6 12 1
43: 8 13 10
46: 10 1 4
233
583: 11 14 3
644: 1 5 14
431: 5 9 5
513: 13 4 6
388: 9 1 12
234
387: 13 13 0
692: 11 2 0
674: 3 11 4
416: 2 8 10
583: 5 10 5
235
360: 11 10 14
870: 6 12 5
803: 13 2 7
19: 8 8 3
704: 2 3 10
236
846: 6 7 12
948: 7 0 12
232: 2 9 14
138: 11 5 0
747: 2 13 2
237
753: 0 10 12
30: 10 0 5
34: 10 7 10
276: 14 0 1
946: 7 5 10
238
759: 14 10 14
95: 0 0 5
860: 13 14 3
300: 9 7 6
16: 14 3 1
239
616: 2 3 9
449: 10 10 0
652: 1 11 11
640: 13 3 3
398: 3 0 0
240
908: 14 10 5
979: 2 3 12
588: 13 13 9
953: 9 3 2
164: 14 2 7
241
902: 5 10 14
180: 13 2 9
568: 2 1 1
702: 12 14 3
781: 9 0 0
242
998: 6 9 1
517: 5 10 11
996: 4 10 3
930: 6 2 5
24: 12 6 5
243
96: 0 6 8
52: 12 3 10
147: 11 10 7
399: 12 0 1
209: 10 4 5
244
359: 0 0 1
231: 9 14 2
726: 5 7 13
432: 6 13 1
840: 9 12 2
245
425: 14 1 6
763: 1 7 12
141: 11 9 3
841: 9 4 9
584: 3 4 2
246
96: 11 7 13
614: 13 0 5
672: 4 14 4
668: 1 10 7
619: 9 11 13
247
110: 6 1 9
622: 12 10 3
411: 14 13 2
753: 5 7 4
573: 14 1 2
248
843: 1 13 7
304: 8 6 10
92: 9 8 0
42: 1 1 0
519: 3 10 0
249
460: 8 9 13
911: 1 9 1
281: 11 4 4
484: 9 3 5
208: 1 0 12
250
41: 9 4 3
510: 5 10 1
766: 13 1 11
528: 2 1 4
629: 10 6 12
251
886: 2 8 2
246: 4 7 6
715: 8 4 8
434: 0 4 4
141: 6 13 14
252
24: 14 10 3
442: 11 7 13
351: 5 2 5
34: 2 7 11
206: 0 9 4
253
805: 13 12 9
269: 8 5 12
275: 3 11 4
203: 13 14 12
134: 14 2 0
254
169: 11 12 11
288: 5 7 5
267: 8 1 12
527: 13 6 13
782: 11 2 14
255
60: 5 10 10
493: 10 14 4
814: 1 4 5
897: 9 8 2
984: 7 7 3
256
61: 0 0 8
9: 13 13 13
184: 7 12 1
689: 7 11 14
229: 2 3 10
257
615: 14 8 14
573: 1 2 14
759: 1 2 10
292: 9 10 8
877: 0 6 2
258
254: 10 10 3
664: 14 9 4
101: 12 6 12
23: 14 11 4
51: 5 3 2
259
122: 13 12 9
262: 14 9 7
294: 0 9 13
267: 4 8 11
138: 2 7 12
260
366: 14 9 1
543: 12 5 6
578: 1 0 2
624: 12 11 13
888: 12 5 2
261
452: 6 7 6
553: 0 2 13
949: 2 10 7
351: 11 9 6
539: 14 5 4
262
0: 5 6 6
800: 9 5 13
576: 10 8 10
934: 0 1 12
583: 10 10 2
263
337: 6 10 5
462: 4 4 3
60: 9 7 11
541: 13 2 1
34: 14 7 5
264
902: 0 0 11
910: 8 8 8
599: 10 3 8
723: 13 14 11
539: 3 6 4
265
504: 6 7 2
761: 2 11 11
358: 3 1 10
78: 9 13 10
542: 13 11 13
266
329: 14 7 2
494: 13 5 13
783: 4 9 4
900: 9 6 6
103: 2 2 11
267
600: 11 7 0
317: 12 3 6
646: 14 5 5
473: 4 14 9
302: 12 7 2
268
156: 8 6 11
389: 12 2 12
240: 12 9 12
95: 8 5 12
550: 8 10 1
269
559: 0 13 12
871: 5 6 5
577: 5 7 3
95: 13 6 0
151: 0 12 3
270
89: 6 7 4
959: 4 8 12
512: 4 5 11
956: 4 0 8
541: 13 13 3
271
565: 13 13 1
706: 11 8 14
906: 5 2 1
759: 2 12 10
806: 6 7 11
272
405: 5 14 13
629: 7 6 10
60: 12 5 8
915: 10 1 13
891: 9 13 9
273
316: 7 2 2
79: 0 13 8
863: 12 4 0
477: 3 13 3
905: 12 5 8
274
826: 2 8 3
167: 9 1 10
128: 14 5 1
89: 14 4 0
791: 2 8 4
275
856: 4 11 1
375: 2 4 2
539: 2 2 0
449: 10 3 9
589: 11 4 14
276
126: 1 1 2
701: 5 2 14
164: 3 11 12
569: 7 13 14
789: 10 2 0
277
384: 4 7 8
182: 10 9 11
84: 14 3 2
177: 4 4 0
501: 13 0 7
278
766: 11 11 1
755: 2 7 12
59: 1 12 8
793: 5 8 5
182: 3 1 6
279
317: 11 8 9
350: 4 10 8
878: 2 7 11
430: 4 12 0
818: 12 12 2
280
878: 10 10 11
987: 10 1 6
83: 10 13 0
36: 13 2 14
278: 4 14 13
281
828: 7 9 3
533: 14 3 1
506: 8 10 9
890: 12 6 2
552: 14 8 6
282
799: 13 13 8
859: 7 7 14
663: 13 12 1
440: 6 4 0
690: 0 8 8
283
423: 3 3 3
212: 1 12 0
395: 12 6 2
183: 11 10 7
129: 9 6 7
284
587: 10 1 5
381: 12 12 14
282: 6 7 12
46: 2 7 9
950: 4 1 11
285
909: 7 5 12
918: 7 4 14
346: 2 14 0
897: 0 12 5
917: 10 11 2
286
513: 4 14 1
988: 7 2 9
948: 3 12 12
27: 9 1 13
566: 5 12 9
287
804: 11 9 11
421: 14 9 1
346: 5 3 1
821: 2 2 0
536: 12 1 5
288
895: 5 9 10
324: 11 8 7
783: 12 1 8
864: 2 11 12
326: 12 13 9
289
768: 8 10 4
128: 5 11 4
707: 4 1 9
646: 3 4 0
544: 12 7 14
290
425: 0 14 11
478: 3 0 4
290: 6 6 10
234: 1 0 2
126: 3 14 0
291
308: 0 10 1
428: 6 2 9
876: 1 9 13
912: 0 9 5
588: 1 1 11
292
587: 7 6 14
496: 13 8 14
97: 7 0 2
500: 10 3 3
373: 12 5 4
293
886: 6 2 8
936: 3 5 2
825: 13 13 12
518: 11 3 14
95: 12 13 4
294
94: 5 6 4
152: 1 0 1
409: 5 5 12
793: 8 12 1
226: 2 3 8
295
127: 8 6 12
520: 1 11 7
933: 2 11 3
852: 2 14 0
880: 14 8 1
296
681: 13 13 14
688: 10 1 2
774: 11 10 12
285: 8 9 2
945: 13 9 8
297
967: 5 3 6
799: 3 13 9
434: 6 11 6
70: 9 12 10
47: 13 12 1
298
717: 8 13 7
886: 0 1 3
590: 10 12 12
622: 0 3 6
905: 2 0 5
299
20: 3 3 12
383: 0 8 2
601: 12 3 8
330: 9 7 14
654: 8 2 6
300
170: 6 3 2
839: 13 8 9
842: 0 6 0
439: 9 12 9
995: 12 11 8
301
845: 14 1 0
590: 0 6 9
473: 1 7 10
367: 2 12 6
283: 5 8 0
302
17: 14 7 1
336: 5 2 3
912: 13 11 12
850: 4 5 5
539: 3 7 4
303
934: 14 14 4
279: 11 10 2
498: 10 9 5
607: 2 14 3
82: 1 6 1
304
597: 2 6 4
858: 11 1 2
474: 8 6 11
210: 12 0 9
970: 2 3 8
305
143: 12 5 0
174: 11 10 13
670: 1 0 4
280: 6 8 8
504: 9 10 0
306
990: 8 11 2
120: 3 3 12
486: 6 5 11
238: 2 3 10
609: 13 8 4
307
799: 0 0 9
91: 8 2 7
29: 4 8 11
104: 11 13 1
580: 8 13 6
308
464: 10 2 10
877: 12 12 3
610: 5 14 9
226: 14 10 4
739: 4 12 9
309
865: 12 5 4
968: 11 12 8
84: 10 6 11
195: 8 13 9
847: 10 13 7
310
377: 4 8 5
804: 3 2 3
819: 14 4 14
193: 2 10 11
925: 7 5 1
311
169: 11 12 6
42: 2 1 9
754: 6 9 12
840: 2 9 6
328: 11 2 12
312
362: 13 4 5
65: 6 2 12
796: 14 14 0
807: 3 14 6
241: 0 8 10
313
283: 2 14 0
411: 9 14 9
687: 1 14 0
976: 10 5 7
316: 14 11 14
314
805: 10 7 0
759: 6 13 5
991: 6 7 11
455: 14 11 4
450: 10 13 12
315
993: 4 12 10
324: 10 9 8
171: 5 7 7
541: 14 14 7
407: 12 12 3
316
126: 11 6 3
530: 3 7 2
755: 13 0 9
12: 12 11 9
154: 12 2 1
317
887: 1 8 10
83: 14 2 5
761: 6 1 7
140: 7 3 12
447: 10 0 8
318
788: 0 9 3
834: 12 12 4
514: 6 5 11
719: 5 14 14
919: 1 12 7
319
755: 13 7 10
207: 10 7 7
770: 14 7 6
449: 8 9 4
945: 13 8 14
320
134: 5 2 10
910: 1 10 6
65: 7 13 2
947: 5 12 1
930: 11 0 13
321
961: 7 4 2
997: 5 6 12
638: 6 3 14
611: 6 9 13
64: 11 4 1
322
398: 10 3 7
105: 7 9 1
409: 1 6 7
849: 10 9 8
785: 8 6 3
323
554: 1 9 3
564: 3 8 14
270: 13 7 10
770: 3 3 0
540: 4 8 6
324
695: 14 13 6
461: 0 0 1
743: 13 11 14
834: 5 9 14
501: 3 5 8
325
413: 4 10 8
662: 5 0 3
839: 9 1 7
730: 7 5 2
92: 12 3 7
326
170: 7 13 2
84: 8 8 12
323: 5 5 11
34: 1 11 9
121: 11 12 8
327
707: 5 7 13
692: 4 0 4
622: 10 3 4
584: 2 13 14
572: 13 3 5
328
153: 9 8 5
927: 11 14 0
639: 3 0 12
653: 14 2 6
9: 2 2 13
329
539: 13 2 6
22: 1 12 9
646: 0 6 10
826: 14 7 10
782: 6 3 1
330
826: 3 13 9
245: 0 7 14
24: 2 4 6
170: 6 12 7
49: 9 1 6
331
696: 14 8 3
155: 0 13 7
173: 1 8 14
762: 14 8 7
736: 8 13 1
332
20: 2 14 10
270: 11 2 7
662: 10 13 13
851: 13 1 6
108: 7 13 11
333
700: 6 2 12
132: 10 11 4
470: 1 5 5
340: 11 0 3
784: 9 10 11
334
286: 0 1 12
923: 10 3 3
252: 8 6 9
92: 8 14 4
110: 2 8 6
335
79: 5 11 6
86: 4 9 0
870: 11 3 2
76: 12 6 1
567: 2 4 1
336
580: 10 10 2
398: 9 14 14
887: 7 12 8
770: 8 14 13
969: 1 6 10
337
897: 9 4 1
276: 2 2 5
489: 7 6 7
514: 9 1 5
788: 0 11 7
338
390: 8 0 12
433: 7 10 13
315: 1 0 12
603: 4 5 1
291: 8 7 3
339
332: 5 10 8
339: 3 13 3
49: 9 2 11
157: 3 8 11
992: 3 1 2
340
527: 1 6 0
885: 12 8 3
682: 0 13 4
638: 0 12 12
274: 3 7 0
341
617: 10 11 7
170: 4 3 7
144: 11 9 11
357: 0 3 9
454: 12 4 1
342
359: 3 5 2
408: 10 7 7
743: 14 14 10
101: 10 9 6
296: 12 13 6
343
973: 14 9 12
947: 13 6 11
837: 11 13 6
591: 10 1 9
107: 8 9 10
344
9: 8 13 1
271: 7 7 2
312: 13 8 12
774: 10 10 3
443: 8 0 10
345
51: 5 8 2
757: 9 4 5
599: 13 7 9
123: 5 2 1
385: 9 4 9
346
974: 4 6 11
499: 8 14 14
659: 6 1 5
718: 10 8 11
481: 12 1 6
347
727: 0 7 7
743: 9 9 3
920: 5 12 2
641: 10 13 8
926: 12 7 5
348
876: 9 10 14
469: 10 10 7
699: 3 5 8
524: 12 1 9
891: 2 12 9
349
249: 1 11 0
843: 9 8 14
633: 8 4 1
237: 7 1 13
2: 3 5 2
350
642: 11 2 3
225: 10 12 14
447: 1 8 3
864: 4 11 4
155: 4 4 10
351
549: 0 12 6
537: 13 11 2
336: 2 11 0
5: 13 10 5
944: 14 4 13
352
277: 4 9 8
728: 5 13 5
461: 2 1 6
269: 13 4 9
188: 1 11 11
353
255: 14 4 7
479: 6 12 13
801: 9 4 5
930: 13 14 6
450: 12 11 11
354
211: 12 2 0
352: 7 1 12
770: 4 9 10
743: 5 2 8
791: 6 13 9
355
77: 9 0 13
532: 6 4 2
128: 7 6 1
592: 0 8 14
944: 10 4 14
356
261: 5 1 10
990: 3 10 13
912: 0 8 9
800: 0 14 9
456: 10 4 1
357
338: 2 2 0
137: 2 6 2
17: 10 8 11
725: 10 6 2
968: 8 1 0
358
850: 1 2 10
436: 8 12 7
644: 1 0 7
675: 9 7 12
661: 13 14 1
359
906: 8 12 1
283: 10 11 8
218: 12 1 3
883: 10 6 6
333: 3 5 7
360
816: 5 14 13
254: 13 10 10
714: 2 3 5
297: 0 13 5
962: 1 5 5
361
258: 13 1 3
133: 14 9 12
134: 14 11 12
526: 11 10 10
331: 5 13 12
362
702: 8 2 9
659: 8 6 11
979: 4 9 0
542: 2 10 3
483: 5 0 2
363
31: 11 14 8
399: 1 10 8
568: 0 5 13
789: 0 14 10
823: 6 13 9
364
77: 14 1 11
386: 12 14 9
484: 14 3 12
138: 9 12 9
525: 8 2 9
365
910: 8 7 9
303: 6 11 8
949: 10 9 13
904: 3 10 3
965: 9 12 1
366
196: 8 13 4
812: 11 5 13
266: 8 14 11
1: 13 13 1
896: 9 1 8
367
704: 10 6 6
903: 8 9 5
980: 13 6 11
171: 5 7 9
488: 12 14 4
368
985: 5 7 13
663: 12 6 6
942: 7 14 3
303: 13 9 8
668: 10 14 8
369
384: 12 11 0
194: 3 9 2
828: 0 13 5
375: 13 4 8
285: 10 7 2
370
35: 6 13 13
801: 14 13 2
805: 12 10 4
532: 7 11 11
37: 6 6 10
371
201: 4 1 12
972: 12 12 5
89: 4 14 9
33: 12 7 6
657: 13 8 14
372
442: 11 10 4
830: 6 1 12
439: 7 8 3
363: 1 7 6
3: 4 3 12
373
511: 2 7 11
255: 6 2 4
94: 3 3 7
626: 5 11 1
236: 4 13 1
374
26: 13 11 0
524: 3 13 4
184: 1 2 7
215: 1 3 10
924: 13 6 4
375
173: 1 3 14
301: 6 0 3
336: 13 11 14
339: 7 6 3
882: 4 0 1
376
262: 2 9 8
960: 4 10 9
787: 2 5 10
903: 8 1 2
287: 1 12 3
377
297: 8 2 11
952: 9 6 1
680: 6 2 10
13: 3 10 10
480: 5 12 9
378
164: 2 12 10
333: 13 12 10
410: 9 13 7
789: 7 10 8
78: 1 9 6
379
493: 3 1 8
954: 3 4 14
308: 1 0 0
915: 12 2 13
733: 6 8 10
380
350: 13 2 1
748: 4 1 6
795: 10 12 13
450: 5 7 4
578: 3 10 9
381
429: 3 1 6
285: 3 5 10
939: 5 5 1
981: 14 9 9
668: 10 7 9
382
635: 12 7 2
892: 6 7 11
934: 9 12 5
332: 13 12 5
491: 9 0 2
383
226: 13 3 2
977: 12 3 1
327: 11 2 4
393: 9 6 10
818: 5 13 2
384
682: 10 0 11
0: 4 1 1
293: 9 3 4
587: 13 14 4
307: 2 12 1
385
563: 14 12 6
591: 4 9 9
701: 14 3 0
577: 3 12 2
269: 5 11 12
386
819: 6 9 6
95: 8 3 14
232: 0 1 1
262: 13 14 8
149: 0 9 3
387
105: 12 3 2
813: 0 11 7
831: 7 12 12
79: 13 11 11
648: 14 10 0
388
321: 11 8 5
767: 8 13 11
535: 7 14 0
882: 3 9 5
450: 6 12 8
389
670: 1 6 4
909: 9 7 12
185: 3 13 13
281: 6 4 8
951: 2 5 7
390
337: 11 14 14
846: 1 11 9
144: 0 2 4
522: 0 1 8
19: 0 6 9
391
803: 11 8 2
949: 12 2 1
791: 14 0 0
591: 6 14 2
429: 2 3 13
392
713: 6 10 5
991: 3 13 8
903: 11 2 14
842: 10 8 9
839: 10 2 13
393
840: 9 13 6
60: 13 0 7
832: 11 12 10
732: 7 7 0
867: 13 8 13
394
214: 11 4 9
988: 12 3 5
67: 12 3 9
791: 1 7 13
141: 0 5 14
395
626: 3 9 13
672: 9 5 12
507: 14 10 8
582: 14 9 7
283: 4 12 10
396
41: 0 5 7
244: 4 6 0
619: 11 6 0
246: 8 13 9
587: 4 6 1
397
965: 8 9 12
727: 11 11 10
445: 9 12 9
541: 9 1 10
679: 14 3 3
398
493: 9 11 9
817: 1 10 11
240: 8 12 7
351: 14 11 0
780: 8 2 2
399
554: 0 11 10
531: 5 13 7
499: 8 3 14
342: 14 9 12
960: 11 0 13
400
620: 13 5 13
249: 9 14 6
197: 1 8 11
403: 12 13 2
167: 3 9 6
401
891: 12 13 6
171: 7 10 4
245: 10 2 0
499: 14 11 8
295: 2 10 13
402
538: 13 14 0
269: 1 2 7
85: 0 11 0
813: 9 3 12
36: 7 8 6
403
896: 0 14 1
616: 2 9 11
130: 12 2 0
500: 1 0 6
642: 2 6 4
404
167: 2 11 8
408: 0 5 14
814: 5 12 1
231: 3 2 4
861: 3 8 3
405
55: 10 3 11
326: 3 9 5
717: 0 9 14
729: 6 14 12
638: 5 11 4
406
22: 9 5 8
442: 14 5 10
248: 13 13 3
188: 1 6 11
361: 1 1 8
407
148: 2 0 3
268: 14 0 13
751: 4 3 14
433: 0 14 2
257: 11 13 2
408
804: 3 5 2
947: 4 5 8
317: 6 9 5
334: 9 8 9
290: 1 0 12
409
660: 3 3 10
910: 9 12 2
436: 2 11 7
493: 9 2 10
613: 7 10 2
410
544: 11 7 0
245: 8 9 13
154: 9 10 6
729: 5 1 7
701: 5 1 4
411
895: 13 12 13
777: 14 0 5
166: 2 14 12
824: 6 12 11
566: 14 9 7
412
578: 11 13 5
393: 14 12 0
837: 13 4 12
51: 8 2 10
37: 2 0 14
413
636: 6 3 10
718: 1 7 11
740: 8 4 0
135: 2 5 13
149: 2 5 13
414
498: 10 2 11
578: 4 7 3
898: 14 9 9
951: 12 12 11
53: 11 7 5
415
124: 3 6 1
18: 11 0 14
481: 5 12 14
27: 14 2 3
173: 9 13 8
416
671: 7 2 7
944: 14 10 10
237: 2 0 7
371: 6 8 4
810: 0 10 1
417
933: 7 7 12
396: 1 7 1
521: 5 9 12
702: 3 11 2
310: 6 12 12
418
165: 4 11 13
156: 12 9 6
404: 4 14 2
6: 13 7 9
789: 14 2 2
419
525: 11 14 2
377: 2 11 2
885: 0 6 1
420: 3 14 8
435: 9 14 4
420
458: 5 14 2
438: 6 11 9
155: 14 12 2
322: 3 5 9
821: 8 3 6
421
414: 10 14 14
173: 14 14 5
970: 5 1 5
215: 7 7 5
563: 11 14 11
422
120: 11 13 4
275: 10 6 13
554: 9 4 5
261: 11 11 9
665: 10 6 2
423
980: 0 7 10
282: 0 7 13
886: 6 9 13
963: 14 2 10
792: 0 8 6
424
935: 4 3 6
160: 14 8 2
144: 6 4 9
331: 4 11 6
649: 3 4 7
425
711: 5 5 11
509: 14 6 13
452: 6 4 2
551: 7 0 3
893: 0 6 7
426
352: 2 8 5
41: 4 11 2
759: 0 9 1
302: 6 4 9
628: 11 7 5
427
824: 4 14 12
538: 14 1 2
377: 14 9 6
493: 10 3 0
871: 0 9 6
428
987: 4 14 5
737: 3 14 0
121: 6 5 1
792: 4 13 6
371: 14 8 10
429
200: 9 1 14
919: 4 6 3
471: 0 9 4
721: 0 1 14
883: 7 14 2
430
530: 12 3 8
238: 8 14 4
145: 14 14 5
705: 7 11 12
244: 2 0 0
431
835: 1 11 6
826: 12 5 11
886: 12 13 2
166: 8 10 9
402: 1 14 9
432
867: 5 14 7
670: 3 4 9
960: 4 1 0
915: 13 14 13
487: 11 2 14
433
263: 0 1 9
351: 3 4 10
981: 10 4 3
627: 10 10 12
588: 0 13 4
434
991: 0 11 9
53: 2 14 7
824: 1 6 7
489: 14 9 10
644: 5 5 5
435
607: 1 8 14
901: 11 4 10
568: 2 6 14
344: 9 0 14
192: 0 7 3
436
438: 5 2 2
670: 11 12 14
83: 9 12 0
365: 5 7 14
11: 3 1 4
437
960: 14 11 0
995: 3 6 12
888: 13 0 12
309: 3 6 1
391: 4 0 7
438
790: 12 7 8
55: 6 14 3
659: 0 8 7
144: 11 14 14
854: 5 4 10
439
84: 11 14 0
301: 5 1 5
106: 8 12 7
363: 11 7 8
888: 6 11 12
440
176: 11 4 12
27: 10 3 7
536: 14 2 5
781: 1 12 9
131: 13 14 0
441
866: 11 7 11
93: 6 4 11
832: 8 0 10
374: 12 7 4
252: 2 11 8
442
742: 5 5 5
68: 9 14 11
622: 14 11 6
140: 10 2 10
576: 14 13 13
443
962: 14 8 11
903: 7 0 10
52: 3 11 4
43: 8 1 13
238: 0 10 2
444
119: 6 0 2
137: 3 12 3
602: 3 2 1
267: 2 4 5
747: 12 7 11
445
125: 10 7 1
86: 8 14 14
648: 9 8 0
508: 9 9 10
474: 13 13 13
446
101: 7 14 10
427: 3 7 11
995: 0 7 8
597: 6 1 13
644: 7 4 14
447
34: 13 6 2
894: 7 4 3
186: 2 1 14
82: 7 10 11
440: 2 14 3
448
874: 13 3 4
94: 11 2 3
993: 7 9 12
467: 1 6 3
403: 10 13 6
449
710: 6 13 7
73: 0 10 0
247: 9 10 4
512: 13 8 11
929: 2 6 5
450
376: 0 9 13
633: 1 8 9
388: 6 7 8
922: 5 7 2
260: 2 3 0
451
343: 13 11 10
189: 4 13 5
493: 4 10 0
292: 5 5 5
328: 14 6 1
452
315: 14 10 10
964: 9 12 10
657: 7 2 7
721: 13 3 2
459: 8 14 7
453
883: 10 7 2
582: 13 14 12
214: 6 13 9
172: 0 11 1
555: 9 3 14
454
911: 12 6 14
625: 1 8 4
850: 8 12 0
865: 11 9 2
99: 8 6 13
455
591: 11 0 3
889: 11 12 14
427: 7 5 6
172: 3 12 7
457: 6 12 14
456
661: 1 14 1
482: 0 10 14
828: 1 12 7
777: 4 2 1
813: 6 7 12
457
161: 4 3 3
155: 8 10 12
289: 14 11 12
987: 2 13 5
427: 0 4 2
458
243: 8 9 12
150: 4 6 13
110: 13 10 1
380: 6 11 10
854: 14 14 5
459
803: 10 2 6
489: 7 3 6
482: 14 8 0
724: 10 12 4
874: 3 9 1
460
694: 5 10 11
288: 6 13 2
355: 12 7 11
934: 1 9 10
763: 12 1 7
461
636: 1 14 10
821: 3 7 2
964: 1 11 8
873: 6 11 1
749: 3 10 13
462
292: 13 4 3
837: 14 3 4
17: 2 7 8
816: 9 12 5
391: 6 11 10
463
892: 4 8 0
702: 10 5 8
858: 7 13 1
760: 2 11 12
593: 7 8 7
464
269: 7 0 3
301: 4 0 10
811: 11 5 5
252: 13 6 6
513: 11 14 14
465
830: 12 7 0
796: 3 4 14
287: 12 6 4
441: 13 14 12
255: 6 14 13
466
767: 4 3 1
15: 1 7 3
74: 13 9 14
315: 1 14 1
992: 3 7 14
467
977: 5 10 3
155: 9 8 5
20: 14 3 9
709: 14 2 6
475: 1 9 5
468
29: 11 4 9
392: 11 2 9
686: 1 1 6
566: 11 1 2
148: 9 7 5
469
304: 3 7 5
967: 9 11 2
118: 12 14 2
958: 4 4 6
452: 13 7 13
470
15: 0 4 6
364: 6 0 2
592: 0 14 8
453: 6 5 5
623: 1 14 3
471
156: 14 5 6
710: 1 4 2
440: 12 7 7
712: 4 5 1
100: 6 10 9
472
536: 2 10 1
73: 0 13 8
369: 12 11 0
886: 9 6 6
522: 11 0 2
473
770: 8 9 4
922: 0 13 14
258: 8 0 11
880: 10 4 11
26: 2 11 12
474
279: 0 12 3
286: 10 9 3
128: 2 6 5
692: 7 10 6
754: 8 12 4
475
903: 12 0 11
878: 4 7 11
653: 10 8 13
700: 12 1 11
594: 2 0 13
476
846: 13 3 13
162: 5 4 4
758: 1 8 14
11: 1 10 6
197: 9 9 11
477
444: 2 9 7
831: 2 10 5
504: 2 10 1
900: 6 6 5
236: 3 9 10
478
294: 9 1 2
517: 11 8 0
455: 2 3 9
951: 4 8 2
641: 4 0 2
479
566: 10 10 14
238: 2 11 5
540: 12 7 1
291: 8 11 9
694: 4 1 1
480
194: 4 10 2
848: 11 12 6
85: 12 0 13
604: 11 4 8
685: 0 5 2
481
382: 12 10 11
27: 6 5 1
758: 13 2 2
857: 4 4 2
827: 1 0 14
482
625: 0 13 5
831: 2 5 8
555: 10 10 7
939: 6 3 11
872: 0 4 0
483
565: 13 9 14
939: 6 8 2
817: 8 1 5
374: 6 2 12
446: 7 6 11
484
249: 1 10 0
784: 6 3 12
108: 14 4 4
862: 6 3 13
662: 12 0 4
485
65: 9 1 6
955: 3 4 8
805: 2 4 11
998: 0 11 10
651: 6 7 4
486
405: 3 0 2
709: 4 8 13
218: 8 10 5
349: 11 12 2
185: 8 10 10
487
255: 0 14 5
562: 2 0 13
204: 14 9 6
20: 10 1 4
696: 9 10 14
488
47: 5 4 4
541: 8 6 1
456: 8 4 3
685: 3 9 7
217: 1 12 13
489
646: 7 5 11
599: 6 7 0
670: 2 14 9
912: 10 13 1
791: 11 2 4
490
745: 6 8 5
771: 9 5 6
445: 2 4 11
979: 9 14 10
517: 14 10 7
491
761: 1 2 1
897: 7 2 0
356: 11 4 8
670: 12 5 11
986: 10 9 9
492
108: 14 12 14
450: 12 10 8
546: 12 7 4
734: 9 5 3
544: 14 3 12
493
586: 7 5 6
317: 10 9 10
206: 4 4 11
785: 2 2 2
356: 4 10 2
494
127: 3 13 1
179: 11 4 5
820: 14 2 13
881: 7 4 10
325: 6 6 8
495
952: 10 4 12
312: 13 6 3
538: 2 12 5
647: 11 13 8
139: 9 6 9
496
293: 8 8 6
318: 4 2 10
852: 8 3 4
280: 14 8 0
137: 0 3 7
497
154: 8 12 6
76: 10 6 10
996: 12 11 4
871: 11 3 6
33: 5 1 10
498
880: 4 0 7
545: 0 7 7
505: 3 0 9
311: 4 7 14
677: 14 9 3
499
433: 12 8 1
429: 3 7 2
80: 0 12 5
851: 4 12 6
325: 12 6 12
500
705: 13 14 11
599: 6 10 1
502: 11 5 8
893: 5 9 2
100: 9 11 0
501
579: 1 5 13
577: 9 4 2
246: 2 7 6
455: 6 9 2
989: 11 3 9
502
487: 0 2 8
602: 3 2 12
922: 14 12 14
380: 9 12 12
339: 8 7 2
503
131: 6 1 3
984: 2 5 8
339: 1 9 6
366: 3 6 14
82: 9 11 11
504
863: 1 2 0
280: 14 4 14
720: 3 9 11
821: 2 6 5
414: 4 6 3
505
220: 0 2 6
306: 8 12 10
162: 1 6 2
837: 1 9 12
210: 6 4 0
506
401: 13 3 3
500: 10 8 11
466: 6 0 11
164: 2 9 10
147: 7 12 12
507
463: 10 6 10
21: 1 7 12
649: 3 4 0
856: 8 10 8
275: 4 5 1
508
517: 12 4 1
651: 13 3 8
935: 0 12 5
76: 4 0 7
272: 0 11 11
509
678: 1 3 12
196: 14 12 3
603: 9 11 12
621: 0 14 4
450: 9 5 11
510
75: 2 1 6
791: 9 5 10
711: 2 6 4
830: 10 8 11
609: 6 6 4
511
202: 2 1 6
164: 7 10 14
552: 0 2 4
515: 11 10 8
380: 7 4 6
512
364: 10 2 4
422: 11 7 6
389: 13 2 1
242: 11 7 1
878: 10 8 12
513
495: 10 1 5
566: 3 14 11
326: 10 9 12
505: 4 2 10
387: 1 8 1
514
935: 11 9 14
299: 9 1 9
759: 9 7 6
34: 0 4 3
669: 10 6 7
515
85: 1 4 2
567: 13 12 4
140: 6 12 7
497: 13 6 8
992: 14 2 3
516
553: 9 10 5
415: 6 8 6
21: 14 13 6
137: 2 8 4
151: 13 0 1
517
509: 12 0 13
246: 6 6 10
271: 8 6 6
525: 8 3 5
139: 11 11 0
518
858: 1 13 2
683: 13 7 4
641: 14 12 7
507: 4 5 0
926: 11 2 9
519
902: 8 0 7
201: 4 4 0
907: 0 7 2
958: 12 5 11
193: 4 8 6
520
283: 12 14 7
557: 4 7 13
268: 2 14 5
740: 14 4 4
655: 8 4 10
521
115: 4 12 8
13: 2 4 11
366: 4 3 10
552: 2 2 4
983: 2 9 13
522
39: 0 10 6
789: 14 10 2
742: 7 4 14
603: 1 7 11
946: 4 8 9
523
243: 3 11 2
650: 6 13 10
203: 7 9 4
232: 4 2 14
789: 13 8 3
524
267: 12 3 0
35: 2 11 1
76: 11 11 7
581: 7 9 3
475: 8 14 13
525
332: 0 9 7
224: 12 13 0
557: 13 11 6
457: 14 6 7
773: 9 1 0
526
898: 4 14 4
488: 8 8 9
473: 14 14 8
494: 9 0 3
673: 5 11 7
527
940: 7 13 12
83: 4 11 6
40: 12 13 10
243: 12 0 12
978: 0 6 6
528
169: 12 14 13
661: 6 8 11
458: 11 3 13
558: 8 2 8
182: 14 7 10
529
808: 5 5 12
545: 12 9 8
172: 7 6 3
874: 13 8 3
676: 9 14 0
530
315: 10 5 1
573: 8 9 8
422: 8 10 10
386: 0 14 1
240: 8 1 2
531
250: 14 13 12
124: 6 0 1
960: 6 8 6
486: 13 14 12
558: 8 5 12
532
199: 0 0 0
807: 14 8 12
968: 1 7 0
510: 5 4 5
436: 4 13 12
533
408: 6 10 11
601: 9 8 2
304: 13 14 3
85: 6 10 5
661: 3 2 6
534
334: 9 13 12
726: 3 9 3
419: 7 7 9
48: 9 6 1
168: 14 3 4
535
615: 10 0 2
821: 10 7 7
781: 10 5 2
46: 4 14 3
374: 8 13 5
536
820: 12 0 5
841: 6 14 1
187: 2 5 2
797: 12 5 6
338: 4 13 6
537
94: 11 8 3
340: 0 13 6
803: 3 11 1
810: 11 13 6
639: 12 14 7
538
210: 11 1 4
119: 6 10 9
341: 1 0 2
757: 0 12 4
525: 2 2 9
539
860: 13 2 5
967: 0 3 3
328: 2 10 5
939: 4 1 8
307: 4 9 5
540
420: 9 8 9
69: 12 5 10
375: 7 11 5
627: 5 3 6
842: 6 10 2
541
321: 12 14 0
513: 1 0 11
650: 9 1 2
740: 1 3 4
734: 0 6 6
542
534: 9 11 11
21: 6 10 4
238: 12 6 14
111: 6 6 10
869: 13 6 4
543
82: 7 13 2
229: 8 13 0
933: 12 6 7
828: 9 10 5
483: 5 9 6
544
157: 7 12 11
955: 10 6 4
348: 12 0 7
311: 13 1 12
936: 14 12 14
545
383: 10 13 2
512: 9 7 5
461: 8 3 1
580: 7 12 6
207: 3 10 2
546
882: 3 9 3
396: 2 1 0
288: 13 6 12
981: 5 14 13
616: 13 10 12
547
426: 13 13 13
960: 2 11 14
830: 14 8 12
367: 9 1 3
816: 9 10 4
548
989: 2 1 0
302: 7 5 5
310: 7 2 3
915: 8 9 2
740: 5 1 8
549
4: 1 12 6
695: 5 2 6
589: 12 11 14
994: 4 6 13
757: 4 3 9
550
76: 13 5 9
718: 14 11 0
56: 5 8 1
546: 13 14 2
318: 1 8 10
551
911: 11 1 12
466: 7 3 5
513: 13 6 0
498: 11 9 1
217: 12 2 14
552
527: 2 0 1
537: 6 3 11
95: 3 6 6
847: 14 10 8
751: 13 5 2
553
754: 11 9 7
145: 3 1 2
702: 10 1 10
312: 8 11 12
795: 6 8 0
554
801: 6 13 8
185: 8 8 3
89: 13 12 10
492: 6 2 2
309: 3 4 2
555
468: 13 4 3
311: 7 0 13
630: 0 13 6
623: 3 0 10
164: 0 13 3
556
651: 3 5 8
874: 7 10 11
868: 6 5 8
471: 9 11 3
448: 3 8 13
557
253: 7 11 1
242: 3 3 6
39: 9 1 10
247: 6 10 6
59: 12 2 9
558
448: 7 2 7
403: 14 2 1
649: 10 6 13
294: 10 6 12
788: 2 3 2
559
61: 5 4 8
766: 14 14 2
371: 2 11 7
996: 6 14 10
565: 1 3 6
560
851: 2 11 13
732: 10 10 10
177: 13 5 8
285: 1 1 14
976: 0 8 4
561
414: 12 3 11
518: 2 13 0
870: 1 6 14
355: 3 12 7
128: 7 3 10
562
937: 0 3 0
581: 4 6 9
416: 14 6 6
6: 9 9 14
204: 7 14 14
563
875: 6 5 11
136: 9 10 14
383: 5 9 6
290: 12 13 14
553: 4 0 4
564
843: 6 2 7
983: 3 13 12
855: 5 3 3
351: 9 6 4
890: 1 3 4
565
967: 12 2 4
136: 0 10 1
126: 11 12 14
469: 0 13 2
613: 12 14 6
566
992: 10 1 5
71: 7 9 6
610: 4 10 14
661: 12 4 9
377: 14 2 0
567
747: 14 7 12
419: 5 14 10
654: 6 8 11
266: 1 8 4
440: 9 10 0
568
568: 6 0 6
68: 11 7 8
947: 9 8 5
529: 0 9 0
883: 0 2 7
569
298: 10 11 14
761: 4 10 11
161: 6 4 4
142: 11 3 7
159: 10 7 1
570
370: 8 13 14
548: 14 6 13
55: 9 6 13
536: 9 5 8
790: 0 11 11
571
131: 7 8 10
743: 11 3 2
441: 2 11 11
970: 1 2 11
988: 1 9 8
572
555: 7 13 6
536: 3 6 7
246: 3 10 9
400: 3 12 6
359: 0 0 6
573
499: 3 9 5
330: 4 1 13
345: 2 13 0
675: 11 13 3
832: 5 10 10
574
30: 6 11 10
184: 8 8 9
465: 9 7 10
492: 8 0 9
392: 8 14 2
575
475: 4 9 5
723: 8 9 0
418: 11 2 13
829: 13 0 4
67: 1 5 7
576
242: 4 2 6
972: 9 1 2
412: 7 4 13
367: 6 10 5
481: 4 12 11
577
413: 6 9 2
534: 1 6 3
494: 3 3 11
829: 12 3 12
972: 11 14 1
578
893: 10 14 7
473: 2 12 14
823: 1 10 6
737: 11 9 4
890: 7 7 14
579
958: 10 11 2
455: 14 14 7
380: 5 8 5
138: 0 13 1
859: 2 1 7
580
696: 11 14 3
380: 8 14 5
837: 14 4 10
106: 7 13 1
71: 4 8 8
581
985: 9 6 10
996: 4 11 10
663: 4 9 9
128: 8 5 8
558: 4 13 1
582
245: 9 11 12
912: 1 13 0
651: 14 9 8
110: 0 3 8
291: 6 3 9
583
906: 12 11 4
363: 8 12 6
717: 2 14 8
808: 3 12 5
339: 10 6 2
584
186: 7 10 1
819: 5 1 2
47: 11 3 0
974: 14 4 14
597: 8 12 12
585
257: 12 12 5
845: 9 3 11
581: 1 14 5
445: 1 13 14
707: 0 1 11
586
646: 11 11 12
281: 7 11 10
687: 1 14 1
608: 11 6 5
232: 1 8 1
587
397: 7 6 9
134: 11 8 8
281: 1 11 8
383: 7 12 1
516: 9 3 13
588
242: 3 6 0
431: 12 12 4
416: 5 12 0
625: 3 10 6
226: 10 14 3
589
59: 10 3 2
369: 0 10 7
306: 13 12 3
608: 3 3 0
207: 7 11 13
590
810: 8 14 10
58: 1 1 9
671: 7 12 0
509: 0 9 10
973: 4 2 9
591
95: 14 13 10
254: 8 10 1
336: 6 7 13
741: 6 8 9
727: 1 4 10
592
33: 8 11 2
161: 5 12 9
692: 6 3 4
202: 1 14 6
172: 2 7 3
593
145: 14 1 7
932: 1 8 11
122: 4 7 2
703: 10 11 6
952: 0 0 1
594
116: 10 12 3
709: 4 9 6
676: 8 1 6
398: 2 5 12
390: 14 9 4
595
573: 8 6 8
755: 2 14 2
297: 6 4 0
662: 8 3 13
577: 4 4 3
596
604: 5 2 4
444: 7 2 9
938: 3 13 9
891: 4 2 13
193: 9 0 7
597
235: 11 14 9
305: 9 7 2
603: 11 13 2
921: 0 7 7
754: 1 1 5
598
34: 14 14 7
670: 1 5 0
90: 12 14 3
94: 13 12 6
762: 5 0 12
599
828: 13 7 2
740: 6 9 12
142: 11 2 3
972: 1 2 5
554: 7 12 12
600
116: 12 0 12
340: 4 3 10
206: 4 7 10
124: 14 12 0
640: 13 12 4
601
679: 6 7 4
109: 9 1 8
603: 13 12 5
885: 4 9 13
994: 13 8 10
602
599: 7 12 10
359: 9 2 4
33: 14 1 9
312: 0 5 11
672: 6 5 10
603
685: 9 7 7
489: 2 5 8
282: 5 10 8
443: 8 10 12
699: 13 8 9
604
309: 1 4 2
492: 9 13 4
341: 10 6 13
930: 14 5 11
473: 3 11 7
605
38: 6 7 13
616: 2 2 1
305: 11 10 5
484: 6 14 6
471: 12 10 9
606
465: 2 7 12
423: 12 8 8
347: 4 0 1
117: 14 6 9
751: 9 10 9
607
52: 12 6 1
704: 5 8 5
949: 10 6 9
289: 13 6 4
427: 6 12 10
608
155: 4 3 13
418: 9 14 12
995: 9 6 7
563: 12 9 2
624: 9 14 10
609
454: 5 12 1
70: 10 5 5
237: 3 7 12
492: 10 2 3
926: 1 0 7
610
137: 6 6 1
375: 7 10 11
706: 10 6 13
952: 3 14 3
174: 11 8 8
611
594: 7 12 14
692: 0 2 5
253: 9 4 3
907: 11 11 2
823: 6 5 12
612
583: 11 10 1
582: 1 4 13
477: 4 6 4
338: 3 10 5
255: 4 2 11
613
108: 7 14 5
515: 10 14 13
868: 4 2 2
247: 4 10 6
675: 6 4 10
614
35: 10 6 13
891: 8 10 1
117: 4 12 10
56: 3 7 13
715: 6 12 14
615
227: 6 8 9
506: 3 1 8
979: 12 10 11
458: 1 1 6
519: 3 14 13
616
657: 4 8 11
522: 7 9 13
398: 13 4 0
790: 4 2 1
642: 3 1 8
617
405: 12 4 0
243: 12 13 0
980: 13 13 14
27: 14 10 1
826: 12 6 12
618
0: 2 4 7
931: 6 0 5
466: 2 13 9
544: 9 1 4
371: 0 11 13
619
880: 10 13 14
731: 0 0 14
497: 14 11 8
21: 8 7 8
751: 8 13 0
620
755: 4 9 1
70: 2 12 12
349: 9 2 6
811: 7 5 4
643: 13 3 5
621
709: 7 5 5
387: 13 5 13
766: 11 13 8
395: 14 1 5
144: 13 9 3
622
119: 4 2 2
651: 7 6 4
972: 10 10 1
974: 7 14 1
760: 4 14 3
623
417: 5 3 14
766: 4 5 5
350: 6 1 1
535: 4 14 9
280: 3 7 12
624
435: 0 6 13
276: 7 10 3
799: 6 10 11
659: 10 7 6
992: 5 8 5
625
848: 9 1 8
618: 7 2 1
290: 1 13 8
529: 5 13 0
749: 8 3 10
626
876: 6 6 8
441: 6 14 8
181: 14 13 1
790: 6 1 6
948: 3 7 1
627
22: 5 1 13
677: 14 13 14
984: 9 9 6
725: 1 14 8
732: 5 1 10
628
904: 6 11 4
980: 4 10 3
119: 9 11 11
47: 12 9 9
556: 0 8 11
629
751: 10 9 8
826: 8 1 10
483: 9 12 9
970: 0 13 5
639: 1 1 3
630
60: 12 7 2
347: 8 4 5
753: 4 8 1
926: 2 9 2
405: 10 4 0
631
31: 1 9 12
66: 0 9 5
6: 10 1 3
990: 8 13 2
716: 9 7 10
632
805: 8 3 12
995: 5 14 13
745: 11 13 4
392: 8 1 6
738: 10 3 1
633
971: 4 11 13
752: 9 7 14
158: 14 1 9
39: 4 6 10
684: 12 8 2
634
735: 6 6 13
106: 14 11 6
181: 14 14 14
844: 11 12 8
255: 4 7 1
635
766: 0 2 10
382: 0 5 13
14: 5 7 5
114: 5 10 10
209: 6 9 6
636
32: 8 5 8
924: 10 2 2
884: 1 3 2
7: 12 13 6
862: 10 4 8
637
333: 12 13 12
527: 0 14 14
433: 8 12 11
554: 9 4 13
144: 13 7 11
638
170: 2 13 9
744: 3 0 3
896: 11 12 14
493: 2 11 3
78: 2 9 1
639
188: 6 4 12
725: 9 2 12
599: 10 0 6
947: 13 0 4
234: 7 7 0
640
406: 11 14 4
59: 2 14 9
434: 8 10 7
436: 7 11 14
706: 14 3 7
641
576: 3 14 5
733: 6 9 2
406: 9 9 2
167: 0 13 11
547: 13 12 14
642
478: 0 13 12
102: 10 11 0
666: 14 7 9
912: 6 14 10
730: 1 5 11
643
367: 6 13 14
927: 11 11 9
51: 0 0 0
600: 14 12 7
846: 0 7 2
644
799: 7 3 8
980: 2 10 10
20: 7 6 12
144: 4 12 6
158: 0 7 9
645
215: 8 1 1
879: 5 0 0
170: 8 9 11
117: 12 11 12
326: 14 8 2
646
526: 6 14 5
153: 11 3 11
691: 11 12 4
401: 14 5 10
204: 5 2 2
647
30: 11 5 12
993: 2 2 6
286: 10 8 14
763: 0 12 11
761: 0 14 0
648
623: 12 4 14
416: 1 9 7
788: 11 1 11
959: 7 0 14
941: 2 6 9
649
24: 6 0 13
451: 12 1 10
563: 1 10 1
88: 6 8 9
629: 2 8 12
650
881: 10 0 12
684: 1 12 2
878: 3 3 0
171: 3 5 8
286: 6 3 6
651
87: 13 7 5
696: 0 6 10
170: 7 14 8
444: 0 5 3
998: 2 12 11
652
917: 0 3 14
368: 8 14 11
330: 2 2 14
162: 2 5 3
249: 3 5 4
653
540: 11 4 4
368: 10 14 11
214: 3 0 9
638: 3 0 14
957: 14 10 4
654
241: 5 3 8
872: 0 3 1
34: 0 13 6
833: 2 3 7
189: 9 3 1
655
353: 3 10 8
594: 10 7 3
154: 10 7 2
345: 2 2 7
8: 5 0 14
656
967: 13 12 0
3: 7 7 4
367: 11 5 7
86: 0 0 5
57: 0 8 11
657
890: 7 5 2
780: 7 1 5
927: 1 11 1
782: 8 2 7
846: 9 11 10
658
972: 2 2 11
874: 9 8 12
379: 0 11 8
806: 13 3 13
211: 0 3 8
659
366: 4 7 12
543: 14 13 8
10: 0 12 4
677: 0 14 3
476: 11 13 10
660
998: 1 3 9
832: 14 8 13
884: 3 13 3
817: 5 0 6
974: 5 6 7
661
395: 10 3 14
608: 9 2 4
107: 7 14 1
294: 9 10 8
110: 10 6 7
662
358: 12 10 13
972: 2 11 14
537: 9 13 12
474: 1 11 14
626: 13 3 8
663
83: 9 1 7
516: 12 7 11
787: 5 3 13
407: 5 11 5
457: 7 11 14
664
518: 9 3 12
392: 14 4 5
200: 14 6 3
459: 7 2 12
749: 1 8 4
665
651: 4 2 9
554: 5 6 2
384: 2 8 12
841: 12 1 5
623: 5 11 0
666
675: 2 10 6
59: 12 3 6
745: 3 2 12
397: 4 6 2
906: 4 11 5
667
421: 4 2 9
311: 3 14 12
816: 2 12 6
271: 8 4 13
447: 7 4 3
668
260: 6 0 3
387: 13 12 3
997: 8 8 0
304: 2 9 6
917: 0 10 13
669
443: 7 11 14
342: 7 12 5
399: 8 0 2
839: 7 12 8
675: 9 11 14
670
614: 11 14 13
285: 0 11 3
465: 6 8 10
211: 12 10 13
474: 14 10 11
671
318: 10 5 14
307: 2 0 14
948: 11 5 4
470: 11 2 12
386: 6 7 4
672
564: 1 14 2
520: 1 8 1
516: 3 4 1
111: 9 7 0
478: 7 7 6
673
151: 12 10 3
376: 5 0 12
948: 8 1 14
46: 1 2 6
222: 2 14 10
674
457: 4 3 3
55: 11 11 9
163: 3 0 6
667: 3 9 8
530: 10 13 10
675
463: 6 9 11
907: 3 2 2
415: 8 4 3
232: 8 13 3
229: 9 4 14
676
984: 4 6 4
139: 0 4 6
122: 2 1 12
34: 3 8 8
288: 2 2 11
677
621: 14 14 0
957: 4 10 3
911: 14 2 10
506: 0 6 10
448: 11 2 10
678
560: 10 8 6
120: 8 0 4
236: 9 0 7
123: 6 7 0
820: 10 10 1
679
279: 5 4 5
650: 10 8 5
233: 2 1 4
672: 1 10 3
539: 2 7 5
680
404: 14 4 12
765: 4 5 0
659: 0 9 8
535: 5 6 3
582: 14 8 6
681
661: 1 2 5
242: 4 8 4
387: 7 1 3
51: 6 0 3
645: 12 11 1
682
913: 5 1 10
127: 7 5 9
233: 14 0 14
392: 9 5 10
894: 5 6 13
683
795: 7 1 3
628: 8 7 0
781: 3 8 11
600: 10 6 2
954: 4 11 8
684
568: 4 14 2
153: 4 4 4
777: 10 2 7
803: 10 2 8
959: 9 1 10
685
314: 9 6 4
974: 4 13 14
873: 10 14 3
96: 13 6 4
270: 10 1 12
686
826: 3 11 1
194: 13 1 3
935: 2 5 4
272: 11 1 8
367: 14 14 1
687
291: 13 11 7
252: 2 4 7
898: 5 11 11
375: 7 4 14
337: 5 9 12
688
755: 14 2 12
702: 3 12 10
899: 4 3 11
557: 14 3 6
894: 14 5 14
689
909: 1 10 5
200: 6 11 13
506: 6 10 11
952: 4 0 7
74: 5 2 9
690
179: 12 5 11
493: 0 10 12
15: 0 11 11
242: 13 8 2
84: 5 7 1
691
753: 10 4 7
179: 5 14 6
815: 8 0 4
585: 12 7 9
544: 2 13 11
692
970: 10 0 4
805: 8 6 5
925: 6 13 0
186: 2 8 7
882: 7 13 9
693
646: 5 5 13
704: 5 14 14
514: 13 10 9
535: 10 13 0
506: 12 5 1
694
98: 3 2 11
101: 2 3 5
54: 2 7 2
932: 12 1 2
314: 0 8 9
695
835: 10 3 5
803: 9 6 9
473: 11 2 1
357: 11 4 5
808: 7 2 8
696
941: 9 10 1
719: 3 10 8
906: 3 9 1
555: 13 7 3
594: 13 4 12
697
116: 7 5 0
370: 9 5 9
813: 0 9 10
719: 11 11 0
565: 13 9 11
698
1: 3 4 6
918: 11 2 14
851: 6 11 10
750: 8 10 1
174: 8 10 3
699
618: 4 5 9
355: 8 10 7
976: 11 10 14
46: 0 12 7
336: 14 6 5
700
143: 10 0 3
90: 2 4 5
842: 6 0 2
712: 12 12 10
480: 14 9 3
701
342: 5 2 0
800: 14 7 8
231: 6 5 4
408: 12 14 3
950: 11 0 9
702
652: 7 12 12
124: 1 7 1
497: 1 4 1
673: 6 1 10
628: 9 4 11
703
932: 1 7 0
639: 6 10 6
542: 11 0 12
730: 4 1 0
557: 0 1 11
704
286: 13 12 7
181: 14 2 9
870: 13 12 7
850: 4 14 6
866: 9 12 5
705
342: 4 9 8
966: 10 8 13
380: 1 2 4
19: 14 11 3
408: 5 12 5
706
624: 2 12 11
396: 11 2 9
963: 6 0 10
20: 9 3 3
662: 3 2 7
707
102: 4 11 3
375: 14 6 9
565: 11 14 9
828: 4 12 11
477: 14 6 5
708
835: 13 8 7
304: 3 11 11
839: 5 4 11
256: 7 6 11
167: 5 12 4
709
886: 4 13 6
733: 2 9 7
26: 0 13 13
455: 6 5 5
281: 1 8 0
710
726: 4 3 14
862: 10 11 11
325: 8 0 8
267: 5 6 12
82: 0 5 0
711
513: 10 13 5
723: 10 10 9
412: 11 10 10
950: 13 10 4
718: 13 7 0
712
876: 14 0 11
804: 6 8 3
267: 5 10 7
385: 8 12 8
169: 0 3 8
713
396: 5 10 3
128: 12 0 4
95: 7 11 9
827: 12 5 3
548: 5 7 2
714
488: 9 1 3
348: 14 4 14
341: 14 14 9
389: 9 12 14
882: 12 10 9
715
467: 7 3 4
624: 0 7 14
846: 6 9 9
476: 2 4 11
151: 8 2 14
716
692: 1 8 11
832: 13 3 9
427: 13 4 14
90: 14 3 1
875: 3 8 6
717
21: 2 7 9
34: 11 5 13
212: 14 4 4
325: 5 8 3
93: 3 4 5
718
716: 0 12 7
670: 7 0 0
477: 8 13 4
507: 5 13 14
343: 11 12 12
719
852: 8 9 3
538: 9 13 1
847: 9 14 13
237: 3 12 2
930: 13 9 13
720
116: 7 9 1
799: 7 0 4
685: 4 2 13
172: 11 8 11
420: 13 4 9
721
372: 10 7 9
173: 5 3 1
205: 12 6 1
94: 0 9 0
434: 9 5 10
722
173: 7 0 3
60: 8 6 7
538: 10 1 12
358: 8 14 3
890: 2 11 0
723
765: 2 9 11
382: 3 12 2
938: 9 4 3
691: 4 6 11
729: 12 10 2
724
730: 11 6 5
371: 5 8 2
198: 5 2 0
274: 3 3 2
897: 0 11 12
725
236: 7 7 2
118: 14 5 14
438: 0 8 10
703: 14 0 0
805: 1 2 13
726
3: 11 5 12
525: 8 6 14
236: 2 3 2
931: 10 5 4
831: 2 3 12
727
100: 11 7 13
766: 0 13 1
91: 7 6 6
966: 11 3 11
144: 2 2 12
728
474: 12 0 13
597: 12 2 1
739: 13 13 1
897: 0 12 12
225: 5 5 5
729
793: 3 1 14
317: 4 11 1
923: 8 12 10
823: 10 9 5
423: 10 12 3
730
338: 5 4 13
762: 2 2 10
469: 8 0 3
33: 8 2 2
902: 5 3 2
731
861: 1 12 14
206: 6 12 1
824: 1 4 2
456: 9 7 4
128: 10 14 2
732
835: 6 12 13
344: 7 1 3
107: 4 5 3
895: 9 10 9
397: 14 10 1
733
567: 7 11 13
478: 3 9 11
585: 0 5 0
901: 3 14 12
985: 7 0 14
734
516: 12 10 9
183: 5 10 13
296: 5 14 3
309: 2 8 12
433: 3 0 3
735
690: 6 4 2
421: 10 6 3
292: 7 9 5
411: 4 6 2
441: 1 0 12
736
204: 6 0 3
629: 9 1 14
24: 1 2 14
699: 13 8 7
655: 0 2 2
737
289: 12 0 10
808: 6 4 10
935: 4 7 14
618: 0 2 4
131: 10 3 5
738
352: 12 11 3
21: 5 11 11
80: 13 6 4
947: 6 6 11
524: 3 6 11
739
652: 5 2 10
637: 5 6 13
612: 9 10 11
32: 7 0 10
729: 3 6 1
740
758: 4 12 11
197: 10 14 7
428: 12 10 13
517: 13 0 0
495: 7 5 2
741
511: 1 14 0
400: 6 10 11
444: 9 12 9
143: 1 12 1
531: 11 0 10
742
598: 10 8 3
840: 0 10 10
77: 0 13 1
153: 4 1 0
67: 12 11 11
743
871: 0 12 4
256: 10 12 13
808: 12 0 7
423: 0 2 0
645: 12 11 8
744
804: 1 9 5
965: 2 5 7
989: 2 10 12
334: 14 9 11
694: 6 9 8
745
409: 9 7 4
676: 1 4 1
395: 0 9 9
848: 10 6 13
265: 12 12 4
746
31: 14 9 0
109: 3 11 0
684: 12 0 13
518: 7 9 14
465: 14 1 5
747
531: 2 7 0
325: 13 5 10
350: 10 6 8
539: 0 9 0
765: 12 1 5
748
447: 8 10 0
791: 5 7 8
306: 0 14 2
644: 6 9 14
154: 0 1 7
749
210: 0 7 11
475: 1 4 11
801: 12 8 8
480: 3 0 13
815: 14 7 11
750
809: 13 6 9
934: 0 0 0
347: 2 14 9
147: 7 13 9
985: 2 12 6
751
131: 5 6 11
901: 14 2 1
85: 9 5 5
872: 11 6 3
733: 6 10 3
752
515: 10 12 2
192: 10 4 9
874: 8 8 10
519: 6 14 7
710: 1 0 11
753
727: 5 8 1
883: 14 4 4
572: 14 7 13
11: 11 7 3
802: 11 5 3
754
0: 13 6 11
159: 5 10 2
263: 10 5 0
866: 13 1 1
509: 12 12 1
755
461: 4 14 5
921: 7 0 0
715: 5 10 7
218: 1 10 8
548: 5 10 11
756
121: 0 3 9
735: 11 2 9
848: 0 10 12
39: 2 2 12
471: 2 4 11
757
333: 0 11 3
36: 6 3 0
182: 5 3 5
907: 14 14 2
700: 8 3 11
758
353: 6 8 5
763: 2 2 9
621: 7 12 11
344: 8 0 7
275: 3 7 4
759
781: 3 9 13
672: 0 8 4
948: 11 0 9
837: 8 14 2
942: 8 3 14
760
957: 1 10 6
41: 2 14 8
628: 13 12 14
473: 13 4 10
455: 12 0 6
761
54: 0 0 3
36: 6 13 10
969: 1 1 7
749: 12 5 11
901: 4 4 4
762
670: 9 10 3
934: 0 6 12
872: 6 3 13
358: 10 9 6
421: 7 9 0
763
860: 10 14 10
792: 5 13 6
216: 9 2 11
853: 13 7 10
310: 13 7 9
764
886: 2 0 1
992: 9 8 13
813: 2 5 0
799: 5 2 12
427: 0 10 3
765
305: 12 7 5
487: 14 0 7
287: 7 9 0
264: 9 1 13
888: 1 11 3
766
940: 9 3 0
706: 6 4 8
158: 14 3 8
943: 10 14 6
626: 14 5 5
767
509: 14 5 0
113: 7 14 3
728: 10 6 4
636: 2 4 2
255: 8 10 13
768
119: 6 14 2
318: 13 8 10
179: 14 0 3
690: 6 4 14
265: 10 2 13
769
655: 1 9 2
105: 13 11 2
868: 7 0 12
770: 6 0 13
909: 0 8 1
770
321: 1 11 12
949: 7 3 4
547: 5 9 8
593: 4 2 0
349: 5 2 8
771
999: 3 12 9
594: 4 8 6
855: 8 14 3
839: 10 0 8
778: 3 4 5
772
386: 14 5 6
488: 14 7 12
265: 9 12 9
384: 2 4 6
276: 4 4 3
773
487: 3 7 14
318: 7 14 1
613: 4 14 11
88: 4 2 6
734: 1 10 1
774
561: 0 10 0
842: 6 13 8
245: 2 12 0
355: 4 14 4
518: 13 12 13
775
757: 11 9 5
551: 4 3 12
285: 6 5 8
416: 0 9 0
309: 7 8 9
776
292: 12 9 7
648: 0 11 4
339: 1 2 8
692: 4 6 5
410: 1 9 12
777
662: 14 6 5
232: 7 5 6
866: 6 7 8
155: 2 1 4
194: 4 8 8
778
275: 2 9 3
218: 0 0 13
751: 10 11 1
424: 9 6 1
16: 4 14 7
779
710: 7 1 5
436: 2 1 10
326: 1 11 4
374: 5 7 9
830: 7 0 13
780
689: 3 14 4
227: 13 12 13
837: 4 5 4
21: 6 1 12
365: 10 14 14
781
186: 10 3 7
157: 2 2 4
109: 2 3 11
87: 9 7 9
572: 11 7 1
782
115: 4 12 11
201: 14 0 3
619: 0 2 12
692: 5 5 10
232: 14 14 9
783
413: 9 5 5
139: 12 14 3
553: 13 12 1
757: 9 12 5
670: 13 9 1
784
840: 11 14 7
152: 4 2 1
148: 9 10 11
738: 7 8 7
89: 7 3 5
785
950: 0 6 14
659: 10 5 10
980: 14 11 5
142: 2 5 11
991: 7 13 1
786
363: 8 4 12
793: 12 11 12
396: 14 9 8
446: 7 8 8
475: 13 3 10
787
79: 6 8 6
234: 13 3 7
772: 8 9 6
416: 5 10 9
643: 6 14 6
788
898: 0 0 11
975: 8 4 10
328: 14 12 9
758: 5 7 14
218: 10 6 8
789
155: 7 6 4
168: 1 13 8
694: 4 6 4
307: 6 1 4
196: 12 14 11
790
442: 11 5 10
227: 13 9 12
520: 7 12 11
160: 3 0 5
744: 5 5 11
791
367: 11 0 6
98: 8 10 1
876: 9 13 3
437: 3 5 6
478: 14 11 1
792
231: 8 12 13
334: 4 3 8
416: 8 11 3
72: 12 1 0
685: 11 1 11
793
917: 6 6 10
850: 11 8 10
867: 4 11 1
900: 0 14 9
389: 10 9 6
794
940: 6 1 7
843: 10 14 0
276: 8 4 4
394: 2 6 1
479: 14 12 8
795
866: 8 9 1
719: 9 10 5
666: 4 3 6
550: 12 14 5
367: 5 13 13
796
208: 9 9 5
501: 7 6 2
67: 3 11 10
489: 5 11 5
876: 6 2 2
797
67: 6 1 5
903: 7 10 10
977: 0 0 11
169: 10 1 13
897: 14 0 1
798
225: 3 11 6
919: 14 11 7
407: 13 2 0
989: 3 5 14
15: 7 9 14
799
558: 10 10 9
587: 3 7 6
420: 8 0 5
196: 11 11 12
463: 14 12 0
800
39: 14 7 9
904: 12 0 4
655: 2 3 5
624: 6 14 1
521: 7 14 3
801
557: 14 8 3
363: 11 8 6
690: 5 6 0
901: 6 1 5
888: 8 1 0
802
580: 11 12 14
189: 12 7 3
556: 7 6 3
71: 7 13 9
648: 13 0 6
803
683: 14 6 6
55: 14 11 0
972: 4 8 10
861: 5 9 2
812: 2 5 5
804
44: 12 8 7
469: 14 2 14
547: 9 5 1
823: 3 14 5
169: 11 6 2
805
782: 6 12 8
776: 13 3 6
737: 8 11 1
37: 5 9 1
899: 3 1 1
806
17: 13 9 13
422: 9 3 11
162: 1 5 4
722: 9 5 4
993: 0 10 0
807
553: 13 9 6
948: 10 14 14
968: 7 8 10
266: 9 8 8
280: 4 11 14
808
255: 2 11 5
553: 8 1 11
73: 3 4 1
426: 5 14 12
310: 6 3 5
809
148: 11 7 4
8: 8 4 0
452: 1 0 9
155: 3 14 13
261: 7 2 4
810
895: 13 12 12
433: 4 9 10
605: 12 7 8
956: 14 5 6
542: 9 6 11
811
412: 13 6 4
621: 12 10 12
70: 12 8 0
527: 6 12 12
467: 13 14 12
812
368: 6 12 4
880: 2 10 5
24: 8 1 13
692: 7 3 8
675: 13 6 2
813
627: 6 2 4
349: 7 8 6
390: 7 10 8
413: 8 4 10
467: 6 0 13
814
375: 9 12 14
773: 7 7 5
380: 5 7 14
397: 10 10 1
14: 3 0 14
815
260: 10 0 0
925: 11 10 5
728: 3 3 10
337: 0 9 5
912: 8 11 4
816
591: 10 3 10
120: 13 3 6
903: 3 6 3
861: 13 3 8
411: 6 13 4
817
6: 2 6 13
44: 7 10 2
483: 13 13 14
229: 2 9 6
177: 12 13 1
818
558: 11 11 14
541: 7 7 2
700: 13 14 6
265: 12 11 9
915: 6 3 13
819
627: 2 12 13
881: 13 4 10
442: 9 3 10
232: 0 1 13
929: 9 8 4
820
122: 7 10 14
264: 6 0 9
294: 4 14 8
943: 3 6 1
991: 3 11 11
821
192: 0 6 2
222: 8 0 13
239: 8 2 8
502: 4 7 12
907: 14 13 6
822
575: 5 0 8
333: 13 1 2
51: 13 13 6
415: 11 8 4
159: 0 2 13
823
904: 11 13 1
795: 12 5 2
472: 11 0 7
756: 7 8 9
391: 9 3 7
824
949: 1 5 11
183: 13 0 9
39: 9 0 0
877: 13 8 12
176: 6 6 8
825
107: 7 0 3
416: 8 12 12
930: 1 12 9
4: 2 6 14
756: 13 9 7
826
203: 1 14 5
939: 7 10 2
778: 8 2 0
517: 10 3 14
128: 8 11 5
827
476: 8 0 2
688: 6 2 11
539: 3 10 4
341: 9 2 10
936: 12 5 7
828
815: 7 14 13
82: 10 4 13
810: 0 3 11
56: 10 5 4
501: 7 7 13
829
152: 2 2 13
276: 4 1 4
998: 13 3 6
145: 3 4 0
45: 0 5 0
830
830: 8 3 8
84: 8 4 12
158: 11 10 10
413: 5 1 1
184: 9 6 10
831
212: 9 1 4
229: 12 11 9
22: 1 9 12
957: 12 13 13
586: 2 10 6
832
4: 13 1 4
183: 9 6 4
900: 12 14 9
358: 0 14 3
507: 2 12 9
833
304: 14 14 6
318: 12 4 9
954: 6 0 5
349: 9 10 7
25: 8 4 6
834
660: 3 0 10
814: 6 13 1
436: 3 3 5
869: 2 3 12
114: 7 14 5
835
695: 14 11 10
555: 6 9 3
54: 13 1 11
392: 1 13 13
870: 4 14 1
836
272: 2 13 1
371: 1 5 10
110: 4 1 5
921: 4 7 11
800: 9 6 1
837
17: 7 4 1
926: 2 14 1
511: 6 9 5
985: 14 13 12
307: 4 14 7
838
433: 0 4 4
441: 4 8 13
613: 14 14 5
269: 10 14 0
540: 13 8 3
839
966: 9 9 12
353: 14 9 0
180: 8 14 4
956: 3 0 12
132: 0 11 12
840
152: 2 3 6
270: 9 6 10
887: 14 13 11
108: 14 8 8
976: 9 8 1
841
674: 7 12 2
257: 5 0 10
650: 3 7 4
217: 2 10 9
743: 8 4 3
842
502: 10 14 7
671: 7 0 7
166: 0 9 10
278: 13 10 3
555: 12 9 0
843
341: 13 4 6
806: 14 9 9
40: 12 9 5
176: 1 14 10
294: 6 3 9
844
82: 6 9 6
761: 11 9 8
715: 10 8 3
741: 4 9 2
888: 11 11 6
845
365: 12 3 4
971: 2 14 0
446: 10 1 0
101: 2 13 12
473: 0 5 5
846
242: 5 9 3
29: 10 5 5
996: 9 3 14
231: 6 3 12
311: 9 4 2
847
244: 13 9 5
295: 8 2 6
315: 14 11 2
269: 5 6 6
933: 3 3 14
848
554: 6 13 3
967: 8 0 13
333: 12 7 14
195: 2 5 2
312: 14 8 2
849
924: 5 4 10
587: 2 1 10
501: 4 2 2
645: 7 5 8
401: 13 13 11
850
750: 6 10 12
360: 7 14 2
477: 8 11 13
80: 7 8 14
617: 2 2 0
851
316: 4 2 9
491: 8 9 4
661: 7 7 8
505: 10 5 5
692: 4 14 1
852
654: 2 14 1
80: 0 1 12
772: 3 12 8
44: 14 9 2
819: 3 7 5
853
556: 6 13 8
216: 3 14 4
855: 5 5 11
413: 12 13 10
982: 6 7 14
854
756: 11 14 0
457: 9 2 2
982: 1 7 0
338: 13 1 9
8: 7 5 0
855
807: 11 12 12
303: 2 7 12
783: 6 11 1
372: 2 1 5
886: 3 7 1
856
550: 6 8 5
569: 9 6 5
406: 12 5 6
560: 2 3 8
951: 11 12 11
857
867: 8 12 12
180: 13 2 14
399: 1 7 6
97: 0 11 4
927: 2 9 3
858
649: 6 9 6
669: 13 6 12
946: 3 9 10
223: 6 7 6
705: 9 5 6
859
412: 4 12 2
974: 0 6 13
337: 7 2 9
628: 3 0 14
228: 14 12 9
860
657: 6 5 6
69: 12 12 1
629: 9 7 1
683: 4 3 9
341: 1 8 14
861
670: 10 0 14
40: 7 5 14
651: 9 0 1
307: 5 7 12
585: 4 13 1
862
343: 13 2 11
777: 13 12 14
999: 5 5 7
500: 12 6 13
846: 3 12 10
863
248: 12 11 12
445: 3 9 12
584: 0 13 4
578: 7 7 7
770: 4 6 12
864
695: 3 4 2
552: 2 0 4
142: 4 6 2
912: 2 0 4
517: 9 1 3
865
74: 6 7 14
298: 6 7 11
785: 5 8 5
219: 4 0 8
208: 0 4 10
866
775: 10 13 14
939: 13 10 8
29: 3 11 9
934: 10 0 14
86: 7 10 12
867
63: 10 9 7
939: 9 7 12
257: 12 0 14
107: 13 5 12
38: 0 5 2
868
770: 9 3 4
814: 4 10 6
156: 6 3 9
546: 4 8 8
914: 1 12 8
869
243: 12 7 12
482: 12 9 5
909: 7 8 14
426: 11 10 5
95: 5 11 12
870
21: 6 13 5
96: 14 5 2
640: 2 10 5
635: 2 2 2
826: 4 8 10
871
348: 8 1 11
689: 11 1 5
876: 5 9 5
478: 14 2 6
593: 7 8 5
872
79: 3 2 1
317: 12 11 10
501: 11 12 11
104: 13 7 0
849: 0 12 3
873
257: 13 0 1
588: 2 7 11
834: 1 9 10
476: 11 4 1
753: 0 3 1
874
98: 1 12 14
276: 11 14 8
532: 12 11 9
5: 3 10 0
790: 10 4 6
875
843: 13 8 14
889: 12 7 3
849: 11 11 14
739: 9 13 10
247: 13 3 9
876
887: 6 11 4
989: 13 5 6
338: 9 12 11
267: 13 3 8
330: 2 3 7
877
833: 0 6 9
866: 12 12 13
590: 0 0 4
539: 11 8 0
964: 13 7 10
878
284: 11 6 6
524: 1 0 12
64: 10 11 9
20: 9 4 11
311: 1 2 8
879
603: 2 12 14
763: 6 0 14
771: 14 9 3
562: 8 9 4
964: 1 8 13
880
287: 4 8 14
363: 4 11 5
622: 5 5 5
847: 3 12 12
871: 12 3 4
881
538: 13 7 5
403: 9 1 14
437: 9 5 14
330: 5 6 4
534: 9 1 6
882
884: 6 3 6
716: 0 10 2
604: 13 7 14
918: 6 12 1
50: 13 8 3
883
728: 13 9 13
223: 0 9 12
934: 2 10 0
531: 5 6 2
508: 8 12 9
884
737: 11 9 10
457: 13 4 3
96: 12 6 11
215: 7 2 5
213: 3 2 9
885
573: 4 10 14
866: 8 8 14
222: 12 9 1
363: 10 11 3
408: 7 6 11
886
721: 4 8 13
941: 2 3 11
15: 12 6 10
141: 1 9 3
599: 10 9 3
887
694: 3 4 8
75: 8 3 5
450: 1 2 4
645: 2 2 8
49: 6 5 1
888
868: 3 12 12
479: 13 7 5
205: 1 9 0
382: 13 0 9
891: 3 0 14
889
509: 2 10 1
414: 12 9 0
625: 6 1 14
44: 5 3 5
46: 10 11 11
890
738: 12 11 7
350: 3 2 9
706: 2 0 2
616: 10 3 7
944: 5 7 10
891
111: 0 1 13
721: 4 3 9
906: 6 5 1
303: 9 9 6
687: 3 0 11
892
30: 7 13 8
154: 2 0 8
609: 7 3 10
357: 4 0 5
60: 4 6 13
893
357: 12 0 6
498: 1 12 2
239: 4 13 1
211: 12 9 12
336: 9 5 5
894
928: 1 7 7
920: 0 5 13
914: 11 3 13
593: 3 4 13
806: 8 1 7
895
922: 14 8 0
213: 9 12 1
340: 10 13 3
206: 13 11 8
518: 1 13 9
896
647: 2 7 13
837: 12 11 9
347: 12 1 10
634: 2 2 14
753: 7 1 14
897
32: 14 2 5
219: 5 13 2
298: 12 11 3
399: 4 1 11
973: 4 12 5
898
649: 14 7 5
38: 2 4 11
64: 5 10 11
587: 5 1 1
572: 6 4 1
899
338: 7 4 9
698: 12 13 11
691: 10 9 2
536: 8 7 1
40: 12 13 4
900
449: 0 7 6
907: 0 0 0
697: 11 1 2
508: 12 4 14
284: 2 10 2
901
769: 11 5 6
565: 12 14 7
509: 12 12 11
610: 11 2 2
557: 9 9 11
902
985: 2 5 1
924: 9 0 0
33: 2 3 0
266: 8 13 3
607: 12 10 7
903
700: 14 3 7
521: 12 9 8
374: 4 11 11
581: 1 4 13
908: 11 13 13
904
654: 1 13 12
566: 3 0 14
11: 2 13 3
502: 8 10 13
550: 4 13 11
905
785: 9 8 14
222: 12 12 12
564: 10 3 0
654: 8 4 5
542: 11 4 5
906
948: 2 8 0
460: 3 5 8
949: 3 4 0
119: 4 6 14
229: 3 3 10
907
730: 6 2 1
937: 6 7 4
262: 3 9 7
741: 9 8 8
397: 13 8 3
908
469: 5 3 13
239: 1 12 10
326: 8 5 2
171: 14 3 13
645: 2 9 14
909
806: 10 7 4
379: 7 4 8
25: 13 12 14
685: 7 5 4
204: 9 7 5
910
232: 4 14 9
799: 10 7 9
539: 9 1 2
479: 0 6 1
417: 3 9 12
911
178: 6 4 3
779: 9 14 0
145: 6 12 13
651: 12 14 0
594: 13 1 3
912
802: 9 6 4
884: 4 5 1
532: 14 6 0
703: 10 3 4
461: 10 4 13
913
301: 1 11 4
895: 10 4 4
821: 13 8 8
7: 6 12 9
585: 9 10 3
914
639: 8 10 14
730: 6 3 6
171: 7 5 2
435: 8 7 13
661: 3 2 12
915
588: 2 12 8
953: 2 2 11
521: 4 14 5
83: 1 4 8
647: 14 7 8
916
783: 4 3 14
697: 2 4 0
7: 6 4 6
926: 2 14 1
69: 8 12 0
917
177: 3 13 10
25: 9 11 4
44: 3 13 7
994: 8 13 3
610: 2 4 14
918
431: 8 5 9
652: 11 2 13
901: 0 6 9
250: 11 11 7
780: 14 12 6
919
604: 2 6 8
685: 11 12 12
111: 8 3 14
398: 9 8 11
347: 10 1 1
920
662: 7 2 5
963: 5 12 1
545: 1 14 14
743: 5 8 5
439: 12 9 0
921
490: 13 14 13
634: 14 1 3
646: 3 4 4
612: 6 9 13
42: 13 14 2
922
715: 5 8 10
333: 8 1 12
930: 2 12 2
470: 3 1 6
517: 9 10 3
923
72: 14 14 0
43: 0 13 10
921: 4 4 6
989: 12 1 12
653: 9 1 10
924
112: 5 13 4
238: 6 11 2
25: 6 13 13
257: 4 5 10
902: 10 12 3
925
441: 1 1 7
226: 9 12 4
999: 13 14 8
24: 4 4 4
595: 0 7 11
926
673: 12 1 3
496: 13 13 13
658: 3 8 6
434: 9 13 10
994: 10 6 0
927
594: 13 0 5
932: 4 9 13
402: 8 1 2
355: 2 5 7
130: 11 12 0
928
319: 6 13 10
560: 11 6 11
219: 4 11 0
67: 11 5 5
673: 6 3 5
929
730: 4 14 5
953: 5 4 5
563: 9 12 14
772: 10 9 7
398: 7 11 12
930
467: 14 12 14
958: 9 4 11
341: 14 8 1
795: 7 13 0
829: 10 5 12
931
746: 2 11 3
684: 13 2 3
775: 13 7 2
988: 5 9 1
104: 5 12 7
932
430: 12 8 7
899: 14 8 9
231: 5 13 12
380: 10 0 4
418: 2 14 5
933
491: 7 8 6
739: 9 7 3
284: 11 11 11
693: 11 4 4
942: 4 13 3
934
239: 12 0 9
599: 7 6 14
695: 5 4 3
439: 4 9 8
323: 8 4 13
935
556: 0 1 4
228: 12 8 13
696: 14 1 3
366: 9 4 2
196: 2 1 3
936
183: 12 13 4
7: 7 13 0
352: 2 5 3
894: 7 14 4
339: 8 2 13
937
274: 11 8 2
245: 12 4 13
935: 12 9 0
299: 7 4 11
25: 9 4 14
938
828: 9 3 12
948: 2 9 5
202: 11 10 1
592: 3 3 4
695: 14 10 7
939
476: 4 7 6
246: 4 9 3
198: 13 3 9
55: 6 6 0
490: 0 5 10
940
549: 7 11 3
135: 7 8 3
823: 3 10 10
742: 10 8 10
219: 2 14 4
941
638: 2 13 8
660: 12 8 7
604: 6 2 8
123: 14 12 1
763: 12 4 11
942
52: 14 13 14
929: 6 1 0
881: 0 5 9
119: 10 9 9
372: 2 2 12
943
360: 11 12 6
250: 9 7 0
163: 11 4 5
552: 2 11 12
561: 13 12 2
944
298: 9 3 0
727: 12 9 11
841: 3 0 7
365: 13 13 2
744: 12 10 13
945
78: 14 3 10
883: 7 14 9
685: 4 3 10
755: 6 10 2
428: 12 14 10
946
542: 14 9 14
329: 14 9 4
51: 4 9 11
605: 4 13 3
646: 13 5 8
947
79: 8 4 14
427: 6 2 10
835: 8 12 3
317: 13 9 4
219: 3 8 7
948
184: 9 3 9
568: 9 5 2
199: 2 10 8
790: 6 7 9
98: 9 5 8
949
384: 9 3 2
260: 13 13 4
221: 6 12 8
237: 7 9 5
476: 6 14 0
950
148: 10 8 11
596: 8 5 6
199: 2 0 4
244: 10 6 4
648: 11 0 2
951
817: 4 10 1
347: 11 13 5
113: 13 13 11
263: 13 7 1
926: 5 8 1
952
402: 0 5 11
585: 3 7 11
39: 8 5 8
627: 7 9 1
723: 7 7 6
953
817: 5 10 5
213: 9 14 2
119: 14 3 7
844: 8 10 1
28: 3 4 2
954
861: 9 10 0
371: 11 2 5
418: 9 3 1
726: 13 13 1
88: 4 3 14
955
918: 6 13 2
81: 9 11 9
329: 0 3 7
495: 13 7 3
44: 1 0 5
956
570: 4 13 8
34: 3 10 9
88: 13 9 11
477: 7 6 10
773: 9 5 4
957
984: 8 11 11
704: 11 7 0
632: 7 12 0
368: 2 8 13
446: 3 7 6
958
219: 8 9 13
83: 7 8 8
86: 5 13 3
231: 9 14 5
742: 6 12 10
959
76: 10 10 9
677: 10 7 10
981: 7 8 0
340: 3 5 0
675: 13 9 4
960
241: 7 7 2
658: 6 7 6
800: 4 1 3
801: 3 12 11
543: 12 13 11
961
301: 7 11 3
682: 8 4 4
939: 13 8 10
752: 0 12 5
504: 11 11 11
962
557: 4 14 14
349: 3 2 5
132: 0 1 3
572: 5 14 1
578: 3 6 12
963
653: 14 7 5
852: 11 2 13
112: 14 9 0
270: 0 6 2
860: 0 7 3
964
475: 8 13 0
888: 12 1 4
457: 7 1 0
814: 1 12 6
439: 0 4 12
965
366: 5 4 1
42: 2 3 7
582: 2 2 2
516: 1 2 1
935: 11 5 13
966
138: 14 13 2
2: 11 0 11
406: 4 0 2
786: 11 10 13
578: 6 13 7
967
898: 0 2 11
708: 11 13 14
547: 10 4 11
66: 2 5 8
615: 6 12 8
968
305: 12 2 4
831: 5 2 6
331: 0 14 11
38: 1 8 1
927: 6 7 5
969
673: 11 8 10
376: 13 10 11
464: 7 12 7
582: 14 3 13
824: 5 4 7
970
898: 10 4 6
996: 12 14 1
660: 7 13 3
908: 6 5 9
471: 1 13 8
971
608: 10 7 12
911: 10 10 13
222: 7 5 5
282: 9 3 6
473: 10 7 0
972
572: 5 11 12
626: 1 14 14
182: 12 7 3
794: 14 0 0
179: 3 13 9
973
475: 11 6 4
777: 10 10 11
782: 2 11 14
9: 14 3 10
856: 2 2 3
974
456: 9 6 5
26: 14 13 2
212: 3 11 4
194: 3 8 12
525: 11 0 2
975
888: 3 8 5
923: 11 0 4
911: 9 14 12
849: 13 10 5
922: 0 7 6
976
83: 4 10 10
634: 10 7 4
266: 14 6 12
192: 14 2 12
382: 9 8 8
977
669: 8 6 8
823: 8 5 2
613: 12 8 3
273: 10 13 7
485: 12 3 12
978
161: 9 9 6
715: 11 3 3
10: 12 11 1
892: 9 1 2
739: 6 4 2
979
176: 12 6 4
207: 4 4 12
64: 7 1 5
364: 2 11 1
423: 7 11 11
980
581: 0 4 0
381: 6 2 11
717: 6 13 8
155: 11 5 2
658: 1 6 2
981
883: 0 7 9
962: 11 3 8
40: 14 11 13
241: 0 13 8
116: 0 4 4
982
98: 9 4 8
796: 9 2 6
530: 0 8 11
280: 7 12 10
58: 7 3 5
983
69: 14 3 5
254: 8 13 6
263: 9 2 13
951: 6 13 2
763: 0 8 10
984
363: 8 6 8
260: 11 10 11
933: 13 1 2
132: 12 0 4
470: 5 2 6
985
980: 4 4 11
7: 3 5 10
755: 5 13 3
368: 11 4 13
12: 14 9 3
986
628: 3 12 2
670: 12 6 12
620: 0 3 2
684: 0 5 14
848: 10 1 5
987
552: 14 9 5
466: 5 10 10
244: 12 13 9
325: 3 4 7
802: 2 4 2
988
558: 0 4 14
500: 9 13 10
226: 0 0 3
739: 1 0 2
621: 11 13 3
989
855: 3 4 7
353: 8 6 6
728: 2 8 6
192: 5 5 2
266: 11 4 3
990
676: 12 13 2
833: 14 5 12
977: 10 7 2
285: 3 9 4
7: 7 10 7
991
369: 10 5 12
382: 2 6 14
828: 11 2 9
103: 7 4 13
791: 1 2 8
992
366: 9 2 1
348: 3 12 2
615: 14 9 5
515: 6 2 9
828: 0 8 7
993
856: 2 8 11
510: 12 2 1
438: 4 2 1
224: 11 10 4
395: 7 13 2
994
592: 7 7 9
648: 1 3 6
752: 4 5 5
351: 14 9 8
488: 11 10 2
995
975: 4 10 6
367: 5 2 14
750: 0 2 4
939: 1 5 12
423: 8 11 12
996
172: 8 9 11
252: 10 4 11
391: 6 5 14
597: 7 12 10
755: 0 9 10
997
260: 11 6 0
733: 11 4 8
621: 7 12 1
161: 13 12 0
394: 8 3 7
998
420: 0 6 9
38: 11 4 13
281: 6 0 3
674: 6 10 14
257: 7 7 13
999
196: 11 6 7
585: 3 0 4
214: 3 3 4
564: 10 5 4
156: 10 2 9
-1
50
98 2 184 756 905 795 195 849 419 139 934 210 476 560 1 670 661 242 76 84 188 104 524 985 87 318 264 857 370 83 375 685 819 44 121 792 491 854 777 291 758 433 771 505 704 302 56 767 546 804
