P
9
20
20
1
10
15
5
5
13
9
99
0 7
0 16
0 22
0 38
0 42
0 56
0 60
0 79
0 95
0 104
1 119
1 125
0 137
0 152
0 159
0 175
1 190
0 208
1 221
0 223
1 238
1 246
1 265
0 283
0 302
0 322
0 333
1 338
1 340
1 350
1 355
1 358
1 358
0 364
0 369
1 375
1 390
0 402
0 414
0 430
0 431
1 450
0 462
0 464
0 468
1 482
1 490
0 491
0 510
0 518
1 537
0 555
1 564
0 578
0 587
1 594
1 605
0 619
0 624
1 642
0 656
1 657
1 661
0 681
1 689
1 702
0 715
1 730
1 745
0 752
0 759
1 761
1 766
1 783
1 786
1 806
1 810
1 812
0 815
1 817
0 824
1 824
1 843
0 846
0 855
1 863
1 871
1 881
0 892
1 900
0 914
0 923
0 943
0 943
0 949
1 965
1 985
1 991
1 993